80,191
86,194
84,200
86,205
91,207
88,211
93,214
98,218
96,223
102,223
102,229
108,229
108,234
113,236
116,232
117,228
115,222
112,216
108,221
107,212
102,214
98,207
107,205
113,208
116,203
113,198
115,192
117,185
119,178
112,175
113,169
117,165
121,170
126,164
126,157
129,153
135,151
140,151
146,152
146,146
150,141
152,135
157,131
157,124
163,121
167,124
169,129
164,130
171,134
176,138
183,135
189,137
194,140
197,136
196,130
200,130
203,126
206,121
202,118
199,114
196,111
200,108
202,110
205,113
209,116
211,120
197,121
193,126
188,128
192,132
182,127
185,122
190,120
193,116
190,111
189,107
189,103
185,105
185,109
181,112
179,116
174,117
174,111
170,107
172,103
177,104
181,103
179,108
186,116
179,122
173,124
177,130
166,138
169,144
174,147
180,146
185,142
193,145
190,149
185,151
183,157
189,161
192,155
193,167
187,169
184,174
188,178
187,183
187,187
192,188
198,192
194,196
188,199
187,194
181,189
174,190
172,183
167,180
170,176
164,172
162,177
163,183
166,188
162,193
162,200
157,199
154,194
157,188
157,181
154,177
157,172
152,170
148,174
141,176
141,170
138,165
133,168
128,174
134,177
132,184
126,182
123,190
129,192
129,199
129,205
123,206
118,212
121,218
124,224
130,225
132,232
126,233
121,235
118,238
140,231
138,226
139,222
138,218
132,217
127,213
134,210
141,206
145,201
151,202
148,208
153,211
158,207
165,209
167,215
173,217
169,222
166,227
167,232
165,235
161,230
154,230
151,226
157,224
163,221
158,217
151,219
145,217
142,213
145,224
146,230
172,229
176,233
180,230
185,234
190,230
196,226
198,221
204,219
206,213
209,209
209,204
213,199
216,195
213,192
213,189
209,188
205,186
199,186
202,180
194,181
195,174
181,166
176,161
170,163
168,158
164,162
162,167
155,165
152,160
148,158
141,159
134,159
146,165
158,158
162,152
157,150
152,149
160,144
159,138
149,128
149,122
144,118
141,122
140,129
138,134
145,135
142,141
136,143
131,140
129,146
124,142
117,142
116,148
115,155
120,159
123,151
120,136
117,130
113,134
108,129
107,122
102,124
97,123
91,123
86,120
87,116
88,113
91,112
94,111
97,109
100,112
103,108
100,106
104,104
107,105
111,105
116,105
121,108
122,104
127,106
131,111
134,108
137,115
132,118
133,124
129,129
129,134
123,127
117,124
113,120
119,118
126,119
124,113
115,111
109,112
104,116
99,117
95,117
91,117
82,122
79,125
79,130
76,134
75,139
80,143
75,146
72,146
73,152
78,155
73,158
73,163
75,167
78,163
83,164
88,166
94,162
100,161
105,162
111,162
108,154
107,146
110,141
106,137
100,140
96,145
91,149
90,156
84,156
80,149
86,144
91,138
87,132
85,126
95,130
101,132
101,150
99,155
102,168
96,168
92,173
91,180
96,182
98,187
103,184
110,183
107,192
102,192
97,196
92,200
92,190
86,187
79,184
76,179
76,174
73,172
82,171
84,178
100,177
106,173
104,199
121,197
135,202
140,197
136,191
139,185
144,189
150,188
151,182
145,182
147,195
169,196
168,202
174,208
181,204
187,205
189,210
194,215
200,213
196,208
194,203
201,200
207,197
204,192
203,207
188,220
184,225
179,220
176,225
172,236
179,238
181,214
178,198
179,181
177,174
172,169
175,154
168,150
168,116
164,111
161,115
155,117
155,110
149,113
142,111
149,95
149,88
152,82
154,76
155,72
159,72
164,72
169,76
169,81
168,86
163,89
156,90
160,80
160,67
164,65
168,63
172,60
175,58
179,59
179,64
177,69
176,75
170,69
173,64
163,106
193,106
196,106
82,137
