197,383
197,383
242,432
244,436
246,437
248,439
250,440
252,441
254,442
256,443
258,444
260,446
262,447
264,451
266,452
266,454
268,455
270,458
272,459
274,460
275,462
277,462
279,462
280,462
282,461
283,459
284,457
285,455
286,453
286,451
286,449
286,448
286,447
286,445
286,444
286,442
286,441
286,439
286,437
286,436
286,434
285,432
285,430
284,428
284,427
284,426
284,424
283,422
283,421
283,419
282,417
282,415
281,413
281,412
281,410
280,408
280,406
279,404
279,402
278,400
278,399
278,398
278,396
277,394
276,392
276,390
276,388
276,386
275,384
275,382
274,380
274,379
274,378
274,376
274,374
274,372
273,370
273,369
273,368
273,367
273,366
273,365
273,363
272,361
272,360
273,358
273,356
273,355
273,354
273,353
273,352
274,350
274,348
274,346
274,344
274,343
274,342
274,340
274,339
275,337
275,336
275,334
275,332
275,331
275,330
275,329
276,327
276,325
276,323
276,321
276,319
276,317
276,315
276,313
275,311
275,310
275,309
275,307
275,305
274,303
274,302
273,300
273,298
272,296
271,294
270,292
270,290
268,289
268,287
267,285
266,283
265,281
264,279
263,277
261,276
261,274
260,272
258,271
258,269
257,267
256,265
255,263
253,262
253,260
252,258
251,256
250,254
249,252
249,250
248,248
247,246
247,244
246,242
246,240
246,238
245,236
245,235
245,234
245,232
245,231
245,230
245,229
246,227
246,225
246,223
246,222
246,221
247,219
248,217
248,215
248,213
248,212
249,210
249,209
250,207
251,205
251,203
251,202
253,201
253,199
254,197
255,195
256,193
257,191
258,189
258,187
259,185
260,183
261,181
262,179
263,177
265,176
266,174
267,172
268,170
270,169
272,168
273,166
275,166
277,165
279,164
281,163
283,163
285,162
286,162
289,161
291,160
293,161
294,161
295,161
296,161
297,161
298,161
300,161
301,161
303,161
305,162
306,162
307,162
309,163
311,164
313,165
315,166
317,167
319,168
321,169
324,172
326,173
329,175
332,176
333,176
334,176
335,176
337,176
338,176
339,176
341,175
343,175
345,174
347,173
349,172
351,171
353,170
354,168
356,168
357,166
359,165
361,164
363,164
364,162
366,162
368,161
370,160
372,159
374,158
375,158
378,157
380,156
382,155
384,155
385,153
387,153
389,152
390,152
392,151
392,148
390,150
389,150
389,152
389,150
386,149
384,149
382,148
380,148
378,147
376,146
374,146
372,145
370,144
368,143
366,142
364,141
362,140
360,139
358,138
356,137
354,136
352,134
350,133
348,130
346,129
346,127
344,126
344,124
343,122
342,120
341,118
341,116
340,114
339,112
339,110
338,108
337,106
336,104
335,102
333,101
331,98
329,97
327,95
325,93
323,92
321,91
319,89
317,88
315,87
313,85
311,84
309,83
308,81
306,81
305,81
302,79
300,78
298,77
296,76
293,75
292,73
290,72
289,72
287,72
285,71
283,70
281,69
279,68
277,67
275,66
273,65
272,65
270,65
268,65
266,64
264,63
262,62
261,62
260,62
258,62
256,62
254,61
252,61
250,61
248,60
247,60
246,60
244,60
242,60
240,60
238,60
236,60
234,60
232,60
230,60
229,60
228,60
227,60
226,60
224,61
222,61
220,61
219,61
218,61
216,62
215,62
213,62
212,62
211,62
209,63
207,63
205,64
203,64
201,65
199,65
197,66
195,66
193,67
191,67
189,68
187,69
185,69
183,70
181,71
179,71
177,72
175,73
173,74
171,74
169,74
167,73
165,70
163,69
161,65
161,67
161,65
159,64
157,61
155,60
153,57
151,56
148,53
148,51
146,50
145,48
143,47
142,45
140,44
139,42
137,41
135,40
133,37
131,36
128,34
128,32
126,31
124,30
122,28
120,27
118,25
116,24
114,22
112,21
113,19
112,21
109,18
107,17
105,16
103,15
101,14
99,14
97,13
95,12
93,11
91,10
89,10
87,9
85,9
83,8
81,7
80,7
79,7
77,7
75,7
73,7
71,7
69,8
69,9
70,11
71,13
71,15
73,16
73,18
75,19
77,22
79,23
79,25
77,25
74,24
73,24
72,24
70,24
68,24
66,23
64,23
62,22
60,21
59,21
57,19
55,21
53,20
52,20
50,20
48,20
46,19
45,19
43,19
41,19
39,19
37,19
35,19
34,19
33,19
31,20
29,20
28,22
28,24
29,26
31,30
33,31
35,35
37,36
39,38
41,39
43,41
45,42
47,43
48,45
46,46
44,45
42,44
41,44
39,44
38,44
37,44
36,44
35,44
33,44
32,44
30,44
29,46
29,48
31,49
31,51
34,54
36,55
38,57
40,59
42,60
44,62
46,63
48,64
50,65
52,66
55,69
56,69
58,69
60,70
61,72
63,73
65,74
67,75
69,76
71,77
74,79
75,79
77,80
79,81
80,81
82,82
84,83
86,84
88,85
90,85
92,86
94,87
96,88
98,89
100,90
102,91
104,92
106,93
108,94
110,94
112,95
114,96
116,97
118,98
120,99
122,100
124,101
127,103
130,104
131,104
133,105
134,105
137,107
140,108
141,108
143,109
145,110
146,110
148,111
150,112
151,112
152,112
155,114
156,114
157,114
161,116
163,117
165,118
166,118
167,118
169,118
170,120
168,121
167,123
165,124
163,125
161,126
159,126
158,128
156,129
154,130
152,130
151,132
149,133
147,133
146,135
144,136
142,136
141,138
139,138
138,140
136,141
134,142
132,143
131,145
129,145
128,147
126,147
125,149
123,150
122,152
120,152
119,154
117,155
116,157
114,158
113,160
111,161
110,163
108,164
107,166
106,168
104,169
103,171
102,173
101,175
100,177
100,179
99,181
98,183
98,184
98,186
98,188
98,190
98,192
98,193
99,195
100,197
100,199
101,201
100,203
98,204
96,205
94,206
92,207
90,208
89,210
87,210
86,212
84,213
82,214
81,216
79,217
78,219
76,220
75,222
73,223
72,225
71,227
70,229
68,230
67,232
66,234
65,236
64,238
63,240
62,242
62,243
62,245
61,247
60,249
60,250
60,251
59,253
59,254
59,255
59,256
59,257
59,259
58,261
58,262
58,264
58,265
58,266
58,267
58,269
58,270
59,272
59,274
59,276
59,278
57,279
56,281
54,282
53,284
52,286
50,287
49,289
47,290
46,292
45,294
44,296
42,297
41,299
40,301
39,303
38,305
37,307
36,309
36,311
35,313
34,315
33,317
33,318
33,319
33,320
33,321
33,323
33,324
33,326
33,327
34,329
34,331
35,333
36,335
37,337
36,339
35,341
35,343
34,345
33,347
32,349
31,351
31,353
30,355
29,357
28,359
28,361
27,363
26,365
26,367
25,369
24,371
24,372
23,374
23,375
22,377
22,378
22,380
22,381
22,383
22,385
22,387
22,389
22,391
22,393
23,395
23,397
23,399
25,400
27,401
28,401
29,401
30,401
31,399
33,398
35,397
36,395
37,393
39,392
40,390
41,388
42,386
43,384
44,382
45,380
46,378
48,377
49,375
50,373
51,371
52,369
53,367
54,365
55,363
56,361
57,359
58,357
59,355
60,353
62,352
63,350
64,348
65,346
66,344
67,342
68,340
69,338
71,337
72,335
73,333
74,331
75,329
76,327
78,326
79,324
80,322
80,321
82,320
83,318
84,316
86,315
87,313
89,312
90,310
91,308
92,306
94,305
96,304
97,302
98,300
100,299
101,297
102,295
104,294
106,293
107,291
108,289
110,288
111,286
113,285
114,283
116,282
117,280
119,279
120,277
122,276
123,274
125,273
126,271
128,271
129,269
131,268
132,266
134,265
135,263
137,263
138,261
140,260
141,258
143,257
144,255
146,254
148,253
149,251
151,250
153,249
154,247
156,246
158,245
159,243
161,242
162,240
164,238
166,238
166,240
166,241
165,243
165,245
165,247
165,249
165,251
165,253
165,254
165,256
165,258
165,260
165,262
165,263
165,265
165,267
165,269
166,271
166,273
166,275
166,277
167,279
167,280
169,280
167,280
167,282
168,285
168,287
169,289
169,290
169,291
170,293
170,294
171,296
171,297
172,299
172,300
173,302
173,303
174,305
175,307
175,309
176,311
177,313
178,315
179,317
180,319
181,321
182,323
183,325
185,327
187,328
188,330
188,332
190,333
191,335
191,336
191,337
191,338
191,339
191,341
191,342
191,344
191,345
191,346
191,347
191,348
191,349
191,350
192,352
192,354
192,356
192,357
192,358
193,360
193,362
193,363
193,364
194,366
194,368
195,370
196,372
196,374
197,376
198,378
198,379
199,381
200,383
200,385
202,386
202,388
204,389
204,391
206,392
207,394
208,396
210,397
211,399
213,400
214,402
216,403
218,404
219,406
221,407
223,408
225,409
225,411
227,411
229,413
230,413
232,413
234,414
236,415
236,417
236,418
237,420
237,422
237,423
238,425
239,429
241,430
242,432
242,434
263,442
263,442
262,447
262,449
278,409
280,408
275,363
275,363
182,313
182,313
66,239
66,239
106,98
106,98
134,105
135,105
152,112
153,112
217,65
217,65
230,56
230,56
281,159
281,159
315,171
315,171
321,171
321,169
381,158
381,158
52,68
52,66
33,35
33,35
33,33
33,31
29,28
29,26
55,21
58,21