711,789
711,789
708,787
706,787
705,787
704,787
703,787
702,787
701,786
700,786
699,786
698,786
697,786
696,786
695,786
694,786
693,786
692,785
691,785
690,785
689,785
688,785
687,785
686,785
685,785
684,784
683,784
682,784
681,784
680,784
679,784
678,783
677,783
676,783
675,783
674,783
672,783
672,781
671,779
671,779
670,777
670,777
669,776
669,776
668,775
668,775
665,773
665,773
663,772
663,772
660,770
660,770
659,769
659,769
658,768
658,768
657,767
657,767
654,765
654,765
653,764
653,764
652,763
652,763
649,761
649,761
648,760
648,760
647,759
647,759
646,758
646,758
645,757
645,757
644,756
644,756
643,755
643,755
642,754
642,754
639,752
639,752
638,751
638,751
637,750
637,750
636,749
636,749
635,748
635,748
634,747
634,747
633,746
633,746
632,745
632,745
631,744
631,744
630,743
630,743
629,741
629,741
628,740
628,740
627,739
627,739
626,738
626,738
625,737
625,737
624,736
624,736
623,735
623,735
622,734
622,734
621,733
621,733
620,731
620,731
619,730
619,730
618,729
618,729
617,728
617,728
616,727
616,727
615,725
615,725
614,724
614,724
613,723
613,723
612,721
612,721
611,720
611,720
610,719
610,719
609,717
609,717
608,716
608,716
607,715
607,715
606,713
606,713
605,712
605,712
604,711
604,711
603,709
603,709
602,708
602,708
601,706
601,706
600,705
600,705
599,703
599,703
598,702
598,702
597,700
597,700
596,699
596,699
595,698
595,698
594,696
594,696
593,695
593,695
592,693
592,693
591,692
591,692
590,690
590,690
589,689
589,689
588,687
588,687
587,685
587,685
586,684
586,684
585,682
585,682
584,681
584,681
583,679
583,679
582,677
582,677
581,676
581,676
580,674
580,674
579,672
579,672
578,671
578,671
577,669
577,669
576,667
576,667
575,666
575,666
574,664
574,664
573,662
573,662
572,660
572,660
571,658
571,658
570,657
570,657
569,656
569,654
568,653
568,653
567,651
567,651
566,649
566,649
565,647
565,647
564,645
564,645
563,643
563,643
562,641
562,641
561,639
561,639
560,637
560,637
559,635
559,635
558,633
558,633
557,631
557,631
556,629
556,629
555,627
555,627
554,625
554,625
553,623
553,623
552,621
552,621
551,619
551,619
550,617
550,617
549,615
549,615
548,613
548,613
547,611
547,611
546,610
546,608
545,607
545,607
544,606
544,605
544,604
544,603
543,602
543,602
542,601
542,599
541,597
541,597
540,595
540,595
539,593
539,593
538,592
538,590
537,588
537,588
536,586
536,586
535,585
535,583
534,581
534,581
533,580
533,578
532,576
532,576
531,574
531,574
530,573
530,571
529,569
529,569
528,568
528,566
527,564
527,564
526,563
526,561
525,560
525,558
524,556
524,556
523,555
523,553
522,551
522,551
521,550
521,548
520,546
520,546
519,545
519,543
518,542
518,540
517,539
517,537
516,535
516,535
515,534
515,532
514,531
514,529
513,528
513,527
513,526
513,525
512,523
512,523
511,522
511,520
510,519
510,517
509,516
509,515
509,514
509,513
508,511
508,511
507,510
507,508
506,507
506,506
506,505
506,504
505,503
505,501
504,500
504,498
503,497
503,495
502,494
502,493
502,492
502,491
501,489
501,489
500,488
500,487
500,486
500,485
500,484
499,483
499,481
498,480
498,479
498,478
498,477
497,476
497,475
497,474
497,473
496,472
496,471
496,470
496,469
495,468
495,467
495,466
495,465
495,464
494,463
494,461
493,460
493,459
493,458
493,457
493,456
492,455
492,454
492,453
492,452
491,451
491,450
491,449
491,448
491,447
491,446
491,445
490,444
490,443
490,442
490,441
490,440
490,439
489,438
489,437
489,436
489,435
489,434
489,433
489,432
489,431
489,430
489,429
488,428
488,427
488,426
488,425
488,424
488,423
488,422
488,421
488,420
488,419
488,418
488,417
488,416
488,415
488,414
488,413
488,412
487,411
487,409
488,407
488,407
487,406
487,406
485,411
483,411
482,412
481,412
480,412
479,412
478,413
476,413
475,414
473,414
472,415
471,415
470,415
469,415
468,415
467,415
466,415
465,415
464,415
463,415
462,415
459,415
459,415
458,416
458,417
458,418
458,419
459,420
459,420
460,421
460,421
461,423
461,425
462,426
462,426
463,427
463,427
464,429
464,429
465,431
465,432
465,433
465,434
465,435
465,436
465,437
466,438
466,438
465,440
465,441
465,442
465,443
465,444
464,445
464,446
464,448
462,452
462,452
460,456
460,456
458,459
458,459
457,460
457,460
453,464
455,464
455,465
455,466
455,467
455,468
455,469
455,470
455,471
455,472
456,473
456,475
457,476
457,476
458,478
458,479
458,480
458,481
458,482
458,483
459,484
459,485
459,486
459,487
459,488
459,489
459,490
459,491
459,492
459,493
459,494
459,495
459,496
459,497
459,498
459,499
459,500
459,501
459,502
459,503
459,504
459,505
459,506
459,507
459,508
459,509
459,510
459,511
458,512
458,513
458,514
458,515
458,516
458,517
457,518
457,519
457,520
457,521
457,522
456,523
456,524
456,525
456,526
455,528
455,528
453,531
453,533
451,537
451,537
449,540
449,540
447,543
447,543
445,546
445,546
444,547
444,547
442,550
442,550
439,552
439,552
438,553
438,553
437,554
437,554
436,555
436,555
435,556
435,556
434,557
434,557
433,558
433,558
378,531
378,529
378,528
378,527
379,526
379,525
379,524
379,523
379,522
379,521
380,520
380,519
380,518
380,517
380,516
380,515
382,512
382,510
384,507
384,507
386,503
386,503
387,501
387,501
388,500
388,500
390,497
390,497
392,494
392,494
393,493
393,493
395,490
395,490
396,489
396,489
397,488
397,488
398,487
398,487
399,486
399,486
400,485
400,485
401,484
401,484
402,483
402,483
403,482
403,482
404,481
404,481
405,480
405,480
406,479
406,479
407,478
407,478
408,477
408,477
409,476
409,476
410,475
410,475
411,474
411,474
412,473
412,473
415,471
415,471
418,469
418,469
419,468
419,468
422,466
422,466
426,464
428,464
429,463
430,463
431,463
432,463
433,462
435,462
435,460
435,459
435,458
435,457
435,456
435,455
435,454
435,453
435,452
435,451
435,450
435,449
435,448
435,447
435,446
435,445
435,444
435,443
435,442
435,441
435,440
436,439
436,437
438,434
438,432
440,429
440,429
441,427
441,427
442,426
442,426
443,425
443,425
444,424
444,424
445,423
445,423
448,421
450,421
451,421
452,421
453,421
454,421
455,421
456,420
456,420
456,415
456,413
455,412
455,410
454,409
454,409
453,407
453,407
452,406
452,406
451,405
451,403
450,401
450,401
449,399
449,399
448,398
448,398
445,396
447,396
447,394
442,398
440,398
439,399
439,399
438,400
438,400
437,401
437,401
436,402
436,402
435,403
435,403
434,404
434,404
433,405
433,405
432,406
432,406
431,407
431,407
430,408
430,408
429,409
429,409
428,410
428,410
427,411
427,411
426,412
426,412
425,413
425,413
424,414
424,414
423,415
423,415
422,416
422,416
421,417
421,417
420,418
420,418
417,420
417,420
416,421
416,421
415,422
415,422
414,423
414,423
411,425
411,425
410,426
410,426
407,428
407,428
406,429
406,429
405,430
405,430
402,432
402,432
401,433
401,433
400,434
400,434
397,436
397,436
394,438
394,438
391,440
391,440
390,441
390,441
387,443
387,443
384,445
384,445
381,447
381,447
378,449
378,449
376,450
376,450
373,452
373,452
372,453
372,453
370,454
370,454
367,456
367,456
365,457
365,457
362,459
362,459
360,460
360,460
357,462
357,462
353,464
353,464
350,466
350,466
346,468
346,468
343,470
343,470
339,472
339,472
335,474
335,474
331,476
331,476
328,478
328,478
326,479
326,479
322,481
322,481
318,483
318,483
314,485
314,485
310,487
310,487
306,489
306,489
303,491
301,491
297,493
297,493
293,495
293,495
290,497
288,497
286,498
286,498
283,500
281,500
279,501
279,501
276,503
274,503
271,505
269,505
266,507
264,507
262,508
262,508
259,510
257,510
256,511
254,511
251,513
249,513
248,514
246,514
245,515
243,515
240,517
238,517
237,518
235,518
234,519
232,519
229,521
227,521
226,522
225,522
224,522
223,522
222,523
220,523
219,524
217,524
216,525
214,525
213,526
212,526
211,526
210,526
209,527
207,527
206,528
205,528
204,528
203,528
202,529
200,529
199,530
198,530
197,530
196,530
195,531
193,531
192,532
191,532
190,532
189,532
188,533
187,533
186,533
185,533
184,534
183,534
182,534
181,534
180,535
179,535
178,535
177,535
176,536
174,536
173,537
172,537
171,537
170,537
169,537
168,538
167,538
166,538
165,538
164,539
163,539
162,539
161,539
160,540
159,540
158,540
157,540
156,540
155,541
154,541
153,541
152,541
151,541
150,542
149,542
148,542
147,542
146,542
145,543
144,543
143,543
142,543
141,543
140,544
139,544
138,544
137,544
136,544
135,544
134,544
133,544
132,545
131,545
130,545
129,545
128,546
127,546
126,546
125,546
124,546
123,546
122,547
121,547
120,547
119,547
118,547
117,547
116,547
115,547
114,547
113,548
112,548
111,548
110,548
109,548
108,548
107,548
106,548
105,548
104,548
103,548
102,549
101,549
100,549
99,549
98,549
97,549
96,549
95,549
94,549
93,549
92,549
91,549
90,549
89,549
88,549
87,549
86,549
85,549
84,549
83,549
82,549
81,549
80,549
79,549
78,549
77,550
76,550
75,550
74,550
73,550
72,550
71,550
70,550
69,550
68,550
67,550
66,550
65,549
64,549
63,549
62,549
61,549
60,549
59,549
58,549
57,549
56,549
55,548
54,548
53,548
52,548
51,548
50,548
49,547
48,547
47,547
46,547
45,546
44,546
43,546
42,546
41,546
40,545
38,545
35,543
35,543
33,542
33,542
30,540
30,540
29,539
29,539
28,538
28,538
27,537
27,537
26,536
26,536
25,535
25,535
24,534
24,534
23,533
23,533
22,531
22,531
21,530
21,528
20,526
20,526
19,525
19,523
18,522
18,521
18,520
18,519
18,518
18,517
18,516
18,515
18,514
18,513
18,512
18,511
18,510
18,509
18,508
18,507
18,506
18,505
18,504
18,503
19,502
19,501
19,500
19,499
21,496
21,494
21,493
23,490
23,488
25,485
25,485
27,481
27,481
28,479
28,479
30,476
30,476
31,474
31,474
33,471
33,471
35,468
35,468
37,465
37,465
38,464
38,464
40,461
40,461
41,460
41,460
43,457
43,457
44,456
44,456
46,453
46,453
47,452
47,452
48,451
48,451
49,450
49,450
50,449
50,449
52,446
52,446
53,445
53,445
54,444
54,444
55,443
55,443
56,442
56,442
57,441
57,441
58,440
58,440
59,439
59,439
60,438
60,438
61,437
61,437
62,436
62,436
63,435
63,435
64,434
64,434
65,433
65,433
66,432
66,432
67,431
67,431
68,430
68,430
69,429
69,429
70,428
70,428
71,427
71,427
72,426
72,426
73,425
73,425
74,424
74,424
75,423
75,423
76,422
76,422
77,421
77,421
78,420
78,420
79,419
79,419
80,418
80,418
81,417
81,417
82,416
82,416
83,415
83,415
84,414
84,414
85,413
85,413
88,411
88,411
89,410
89,410
90,409
90,409
91,408
91,408
92,407
92,407
93,406
93,406
96,404
96,404
97,403
97,403
98,402
98,402
99,401
99,401
102,399
102,399
103,398
103,398
104,397
104,397
107,395
107,395
108,394
108,394
109,393
109,393
112,391
112,391
113,390
113,390
116,388
116,388
117,387
117,387
120,385
120,385
121,384
121,384
124,382
124,382
125,381
125,381
128,379
128,379
129,378
129,378
132,376
132,376
135,374
135,374
136,373
136,373
139,371
139,371
140,370
140,370
143,368
143,368
145,367
145,367
146,366
146,366
149,364
149,364
152,362
152,362
155,360
155,360
158,358
158,358
161,356
161,356
164,354
164,354
166,353
166,353
169,351
169,351
172,349
172,349
175,347
175,347
177,346
177,346
180,344
180,344
183,342
183,342
185,341
185,341
188,339
188,339
192,337
192,337
195,335
195,335
199,333
199,333
202,331
202,331
206,329
206,329
210,327
210,327
214,325
214,325
218,323
218,323
222,321
222,321
226,319
226,319
228,318
230,318
233,316
233,316
237,314
239,314
240,313
242,313
245,311
247,311
248,310
250,310
251,309
253,309
254,308
256,308
257,307
259,307
260,306
261,306
262,306
263,306
264,305
265,305
266,305
267,305
268,305
269,305
270,304
271,304
272,304
273,304
274,304
275,304
276,304
277,304
278,304
281,302
281,300
280,299
280,298
280,297
280,296
279,295
279,294
279,293
279,292
278,291
278,291
277,289
277,289
276,288
276,288
275,286
275,286
274,285
274,285
273,284
273,284
272,282
272,282
271,280
271,280
270,279
270,279
269,277
269,277
268,276
268,276
267,275
267,273
266,272
266,272
265,270
265,270
264,269
264,269
263,267
263,267
262,266
262,266
261,264
261,264
260,263
260,263
259,261
259,261
258,259
258,259
257,258
257,258
256,256
256,256
255,254
255,254
254,252
254,252
253,250
253,250
252,248
252,248
251,246
251,246
250,244
250,244
249,242
249,242
248,240
248,240
247,238
247,238
246,237
246,235
245,233
245,233
244,232
244,230
243,228
243,228
242,227
242,225
241,223
241,223
240,222
240,221
240,220
240,219
239,218
239,217
239,216
239,215
238,214
238,212
237,211
237,210
237,209
237,208
237,207
237,206
236,205
236,204
236,203
236,202
236,201
236,200
236,199
236,198
236,197
236,196
236,195
236,194
236,193
236,192
236,191
236,190
236,189
236,188
236,187
236,186
236,185
236,184
236,183
236,182
236,181
237,180
237,178
239,175
239,173
240,172
240,172
241,171
241,171
242,170
242,170
243,169
243,169
246,167
248,167
249,166
250,166
251,166
252,166
253,166
254,165
254,165
256,162
256,160
256,159
256,158
256,157
256,156
256,155
256,154
256,153
256,152
256,151
256,150
256,149
256,148
256,147
256,146
256,145
256,144
256,143
256,142
256,141
256,140
256,139
256,138
256,137
257,136
257,135
257,134
257,133
258,132
258,130
259,129
259,127
261,124
261,124
263,120
263,120
265,117
265,117
266,116
266,116
267,115
267,115
268,114
268,114
269,113
269,113
270,112
270,112
271,111
271,111
274,109
274,109
278,107
278,107
280,106
282,106
283,105
285,105
286,104
287,104
288,104
289,104
290,104
291,104
292,104
293,103
295,103
298,101
298,101
300,98
300,98
302,94
302,94
304,91
304,91
306,87
306,87
308,84
308,84
310,81
310,81
311,80
311,80
313,77
313,77
315,74
315,74
316,73
316,73
317,72
317,72
318,71
318,71
319,70
319,70
320,69
320,69
321,68
321,68
322,67
322,67
323,66
323,66
324,65
324,65
325,64
325,64
328,62
328,62
329,61
329,61
332,59
332,59
334,58
334,58
337,56
337,56
339,55
341,55
344,53
346,53
347,53
348,52
349,52
350,52
351,52
352,52
353,52
354,51
354,51
356,48
356,46
356,45
356,44
356,43
356,42
356,41
356,40
356,39
356,38
356,37
356,36
356,35
356,34
356,33
356,32
356,31
356,30
356,29
357,28
357,27
357,26
357,25
357,24
357,23
357,22
357,21
357,20
357,19
358,18
358,17
358,16
358,15
358,14
359,13
359,12
359,11
359,10
360,9
360,8
360,7
360,6
360,5
360,4
359,3
359,3
358,2
358,2
357,1
356,1
355,1
354,1
353,1
352,1
351,1
350,1
349,1
348,1
347,1
346,1
345,1
344,1
343,1
342,1
341,1
340,1
339,1
338,1
337,1
336,1
335,1
334,1
333,1
332,1
331,1
330,1
329,1
328,1
327,1
326,1
325,1
324,1
323,1
322,1
321,1
320,1
319,1
318,1
317,1
316,1
315,1
314,1
313,1
312,1
311,1
310,1
309,1
308,1
307,1
306,1
305,1
304,1
303,1
302,1
301,1
300,1
299,1
298,1
297,1
296,1
295,1
294,1
293,1
292,1
291,1
290,1
289,1
288,1
287,1
286,1
285,1
284,1
283,1
282,1
281,1
280,1
279,1
278,1
277,1
276,1
275,1
274,1
273,1
272,1
271,1
270,1
269,1
268,1
267,1
266,1
265,1
264,1
263,1
262,1
261,1
260,1
259,1
258,1
257,1
256,1
255,1
254,1
253,1
252,1
251,1
250,1
249,1
248,1
247,1
246,1
245,1
244,1
243,1
242,1
241,1
240,1
239,1
238,1
237,1
236,1
235,1
234,1
233,1
232,1
231,1
230,1
229,1
228,1
227,1
226,1
225,1
224,1
223,1
222,1
221,1
220,1
219,1
218,1
217,1
216,1
215,1
214,1
213,1
212,1
211,1
210,1
209,1
208,1
207,1
206,1
205,1
204,1
203,1
202,1
201,1
200,1
199,1
198,1
197,1
196,1
195,1
194,1
193,1
192,1
191,1
190,1
189,1
188,1
187,1
186,1
185,1
184,1
183,1
182,1
181,1
180,1
179,1
178,1
177,1
176,1
175,1
174,1
173,1
172,1
171,1
170,1
169,1
168,1
167,1
166,1
165,1
164,1
163,1
162,1
161,1
160,1
159,1
158,1
157,1
156,1
155,1
154,1
153,1
152,1
151,1
150,1
149,1
148,1
147,1
146,1
145,1
144,1
143,1
142,1
141,1
140,1
139,1
138,1
137,1
136,1
135,1
134,1
133,1
132,1
131,1
130,1
129,1
128,1
127,1
126,1
125,1
124,1
123,1
122,1
121,1
120,1
119,1
118,1
117,1
116,1
115,1
114,1
113,1
112,1
111,1
110,1
109,1
108,1
107,1
106,1
105,1
104,1
103,1
102,1
101,1
100,1
99,1
98,1
97,1
96,1
95,1
94,1
93,1
92,1
91,1
90,1
89,1
88,1
87,1
86,1
85,1
84,1
83,1
82,1
81,1
80,1
79,1
78,1
77,1
76,1
75,1
74,1
73,1
72,1
71,1
70,1
69,1
68,1
67,1
66,1
65,1
64,1
63,1
62,1
61,1
60,1
59,1
58,1
57,1
56,1
55,1
54,1
53,1
52,1
51,1
50,1
49,1
48,1
47,1
46,1
45,1
44,1
43,1
42,1
41,1
40,1
39,1
38,1
37,1
36,1
35,1
34,1
33,1
32,1
31,1
30,1
29,1
28,1
27,1
26,1
25,1
24,1
23,1
22,1
21,1
20,1
19,1
18,1
17,1
16,1
15,1
14,1
13,1
12,1
11,1
10,1
9,1
8,1
7,1
6,1
5,2
5,2
4,3
4,4
4,5
4,6
4,7
4,8
4,9
4,10
4,11
4,12
4,13
4,14
4,15
4,16
4,17
4,18
4,19
4,20
4,21
4,22
4,23
4,24
4,25
4,26
4,27
4,28
4,29
4,30
4,31
4,32
4,33
4,34
4,35
4,36
4,37
4,38
4,39
4,40
4,41
4,42
4,43
4,44
4,45
4,46
4,47
4,48
4,49
4,50
4,51
4,52
4,53
4,54
4,55
4,56
4,57
4,58
4,59
4,60
4,61
4,62
4,63
4,64
4,65
4,66
4,67
4,68
4,69
4,70
4,71
4,72
4,73
4,74
4,75
4,76
4,77
4,78
4,79
4,80
4,81
4,82
4,83
4,84
4,85
4,86
4,87
4,88
4,89
4,90
4,91
4,92
4,93
4,94
4,95
4,96
4,97
4,98
4,99
4,100
4,101
4,102
4,103
4,104
4,105
4,106
4,107
4,108
4,109
4,110
4,111
4,112
4,113
4,114
4,115
4,116
4,117
4,118
4,119
4,120
4,121
4,122
4,123
4,124
4,125
4,126
4,127
4,128
4,129
4,130
4,131
4,132
4,133
4,134
4,135
4,136
4,137
4,138
4,139
4,140
4,141
4,142
4,143
4,144
4,145
4,146
4,147
4,148
4,149
4,150
4,151
4,152
4,153
4,154
4,155
4,156
4,157
4,158
4,159
4,160
4,161
4,162
4,163
4,164
4,165
4,166
4,167
4,168
4,169
4,170
4,171
4,172
4,173
4,174
4,175
4,176
4,177
4,178
4,179
4,180
4,181
4,182
4,183
4,184
4,185
4,186
4,187
4,188
4,189
4,190
4,191
4,192
4,193
4,194
4,195
4,196
4,197
4,198
4,199
4,200
4,201
4,202
4,203
4,204
4,205
4,206
4,207
4,208
4,209
4,210
4,211
4,212
4,213
4,214
4,215
4,216
4,217
4,218
4,219
4,220
4,221
4,222
4,223
4,224
4,225
4,226
4,227
4,228
4,229
4,230
4,231
4,232
4,233
4,234
4,235
4,236
4,237
4,238
4,239
4,240
4,241
4,242
4,243
4,244
4,245
4,246
4,247
4,248
4,249
4,250
4,251
4,252
4,253
4,254
4,255
4,256
4,257
4,258
4,259
4,260
4,261
4,262
4,263
4,264
4,265
4,266
4,267
4,268
4,269
4,270
4,271
4,272
4,273
4,274
4,275
4,276
4,277
4,278
4,279
4,280
4,281
4,282
4,283
4,284
4,285
4,286
4,287
4,288
4,289
4,290
4,291
4,292
4,293
4,294
4,295
4,296
4,297
4,298
4,299
4,300
4,301
4,302
4,303
4,304
4,305
4,306
4,307
4,308
4,309
4,310
4,311
4,312
4,313
4,314
4,315
4,316
4,317
4,318
4,319
4,320
4,321
4,322
4,323
4,324
4,325
4,326
4,327
4,328
4,329
4,330
4,331
4,332
4,333
4,334
4,335
4,336
4,337
4,338
4,339
4,340
4,341
4,342
4,343
4,344
4,345
4,346
4,347
4,348
4,349
4,350
4,351
4,352
4,353
4,354
4,355
4,356
4,357
4,358
4,359
4,360
4,361
4,362
4,363
4,364
4,365
4,366
4,367
4,368
4,369
4,370
4,371
4,372
4,373
4,374
4,375
4,376
4,377
4,378
4,379
4,380
4,381
4,382
4,383
4,384
4,385
4,386
4,387
4,388
4,389
4,390
4,391
4,392
4,393
4,394
4,395
4,396
4,397
4,398
4,399
4,400
4,401
4,402
4,403
4,404
4,405
4,406
4,407
4,408
4,409
4,410
4,411
4,412
4,413
4,414
4,415
4,416
4,417
4,418
4,419
4,420
4,421
4,422
4,423
4,424
4,425
4,426
4,427
4,428
4,429
4,430
4,431
4,432
4,433
4,434
4,435
4,436
4,437
4,438
4,439
4,440
4,441
4,442
4,443
4,444
4,445
4,446
4,447
4,448
4,449
4,450
4,451
4,452
4,453
4,454
4,455
4,456
4,457
4,458
4,459
4,460
4,461
4,462
4,463
4,464
4,465
4,466
4,467
4,468
4,469
4,470
4,471
4,472
4,473
4,474
4,475
4,476
4,477
4,478
4,479
4,480
4,481
4,482
4,483
4,484
4,485
4,486
4,487
4,488
4,489
4,490
4,491
4,492
4,493
4,494
4,495
4,496
4,497
4,498
4,499
4,500
4,501
4,502
4,503
4,504
4,505
4,506
4,507
4,508
4,509
4,510
4,511
4,512
4,513
4,514
4,515
4,516
4,517
4,518
4,519
4,520
4,521
4,522
4,523
4,524
4,525
4,526
4,527
4,528
4,529
4,530
4,531
4,532
4,533
4,534
4,535
4,536
4,537
4,538
4,539
4,540
4,541
4,542
4,543
4,544
4,545
4,546
4,547
4,548
4,549
4,550
4,551
4,552
4,553
4,554
4,555
4,556
4,557
4,558
4,559
4,560
4,561
4,562
4,563
4,564
4,565
4,566
4,567
4,568
4,569
4,570
4,571
4,572
4,573
4,574
4,575
4,576
4,577
4,578
4,579
4,580
4,581
4,582
4,583
4,584
4,585
4,586
4,587
4,588
4,589
4,590
4,591
4,592
4,593
4,594
4,595
4,596
4,597
4,598
4,599
4,600
4,601
4,602
4,603
4,604
4,605
4,606
4,607
4,608
4,609
4,610
4,611
4,612
4,613
4,614
4,615
4,616
4,617
4,618
4,619
4,620
4,621
4,622
4,623
4,624
4,625
4,626
4,627
4,628
4,629
4,630
4,631
4,632
4,633
4,634
4,635
4,636
4,637
4,638
4,639
4,640
4,641
4,642
4,643
4,644
4,645
4,646
4,647
4,648
4,649
4,650
4,651
4,652
4,653
4,654
4,655
4,656
4,657
4,658
4,659
4,660
4,661
4,662
4,663
4,664
4,665
4,666
4,667
4,668
4,669
4,670
4,671
4,672
4,673
4,674
4,675
4,676
4,677
4,678
4,679
4,680
4,681
4,682
4,683
4,684
4,685
4,686
4,687
4,688
4,689
4,690
4,691
4,692
4,693
4,694
4,695
4,696
4,697
4,698
4,699
4,700
4,701
4,702
4,703
4,704
4,705
4,706
4,707
4,708
4,709
4,710
4,711
4,712
4,713
4,714
4,715
4,716
4,717
4,718
4,719
4,720
4,721
4,722
4,723
4,724
4,725
4,726
4,727
4,728
4,729
4,730
4,731
4,732
4,733
4,734
4,735
4,736
4,737
4,738
4,739
4,740
4,741
4,742
4,743
4,744
4,745
4,746
4,747
4,748
4,749
4,750
4,751
4,752
4,753
4,754
4,755
4,756
4,757
4,758
4,759
4,760
4,761
4,762
4,763
4,764
4,765
4,766
4,767
4,768
4,769
4,770
4,771
4,772
4,773
4,774
4,775
4,776
4,777
4,778
4,779
4,780
4,781
4,782
4,783
4,784
5,785
6,785
7,785
8,785
9,785
10,785
11,785
12,785
13,785
14,785
15,785
16,785
17,785
18,785
19,785
20,785
21,785
22,785
23,785
24,785
25,785
26,785
27,785
28,785
29,785
30,785
31,785
32,785
33,785
34,785
35,785
36,785
37,785
38,785
39,785
40,785
41,785
42,785
43,785
44,785
45,785
46,785
47,785
48,785
49,785
50,785
51,785
52,785
53,785
54,785
55,785
56,785
57,785
58,785
59,785
60,785
61,785
62,785
63,785
64,785
65,785
66,785
67,785
68,785
69,785
70,785
71,785
72,785
73,785
74,785
75,785
76,785
77,785
78,785
79,785
80,785
81,785
82,785
83,785
84,785
85,785
86,785
87,785
88,785
89,785
90,785
91,785
92,785
93,785
94,785
95,785
96,785
97,785
98,785
99,785
100,785
101,785
102,785
103,785
104,785
105,785
106,785
107,785
108,785
109,785
110,785
111,785
112,785
113,785
114,785
115,785
116,785
117,785
118,785
119,785
120,785
121,785
122,785
123,785
124,785
125,785
126,785
127,785
128,785
129,785
130,785
131,785
132,785
133,785
134,785
135,785
136,785
137,785
138,785
139,785
140,785
141,785
142,785
143,785
144,785
145,785
146,785
147,785
148,785
149,785
150,785
151,785
152,785
153,785
154,785
155,785
156,785
157,785
158,785
159,785
160,785
161,785
162,785
163,785
164,785
165,785
166,785
167,785
168,785
169,785
170,785
171,785
172,785
173,785
174,785
175,785
176,785
177,785
178,785
179,785
180,785
181,785
182,785
183,785
184,785
185,785
186,785
187,785
188,785
189,785
190,785
191,785
192,785
193,785
194,785
195,785
196,785
197,785
198,785
199,785
200,785
201,785
202,785
203,785
204,785
205,785
206,785
207,785
208,785
209,785
210,785
211,785
212,785
213,785
214,785
215,785
216,785
217,785
218,785
219,785
220,785
221,785
222,785
223,785
224,785
225,785
226,785
227,785
228,785
229,785
230,785
231,785
232,785
233,785
234,785
235,785
236,785
237,785
238,785
239,785
240,785
241,785
242,785
243,785
244,785
245,785
246,785
247,785
248,785
249,785
250,785
251,785
252,785
253,785
254,785
255,785
256,785
257,785
258,785
259,785
260,785
261,785
262,785
263,785
264,785
265,785
266,785
267,785
268,785
269,785
270,785
271,785
272,785
273,785
274,785
275,785
276,785
277,785
278,785
279,785
280,785
281,785
282,785
283,785
284,785
285,785
286,785
287,785
288,785
289,785
290,785
291,785
292,785
293,785
294,785
295,785
296,785
297,785
298,785
299,785
300,785
301,785
302,785
303,785
304,785
305,785
306,785
307,785
308,785
309,785
310,785
311,785
312,785
313,785
314,785
315,785
316,785
317,785
318,785
319,785
320,785
321,785
322,785
323,785
324,785
325,785
326,785
327,785
328,785
329,785
330,785
331,785
332,785
333,785
334,785
335,785
336,785
337,785
338,785
339,785
340,785
341,785
342,785
343,785
344,785
345,785
346,785
347,785
348,785
349,785
350,785
351,785
352,785
353,785
354,785
355,785
356,785
357,785
358,785
359,785
360,785
361,785
362,785
363,785
364,785
365,785
366,785
367,785
368,785
369,785
370,785
371,785
372,785
373,785
374,785
375,785
376,785
377,785
378,785
379,785
380,785
381,785
382,785
383,785
384,785
385,785
386,785
387,785
388,785
389,785
390,785
391,785
392,785
393,785
394,785
395,785
396,785
397,785
398,785
399,785
400,785
401,785
402,785
403,785
404,785
405,785
406,785
407,785
408,785
409,785
410,785
411,785
412,785
413,785
414,785
415,785
416,785
417,785
418,785
419,785
420,785
421,785
422,785
423,785
424,785
425,785
426,785
427,785
428,785
429,785
430,785
431,785
432,785
433,785
434,785
435,785
436,785
437,785
438,785
439,785
440,785
441,785
442,785
443,785
444,785
445,785
446,785
447,785
448,785
449,785
450,785
451,785
452,785
453,785
454,785
455,785
456,785
457,785
458,785
459,785
460,785
461,785
462,785
463,785
464,785
465,785
466,785
467,785
468,785
469,785
470,785
471,785
472,785
473,785
474,785
475,785
476,785
477,785
478,785
479,785
480,785
481,785
482,785
483,785
484,785
485,785
486,785
487,785
488,785
489,785
490,785
491,785
492,785
493,785
494,785
495,785
496,785
497,785
498,785
499,785
500,785
501,785
502,785
503,785
504,785
505,785
506,785
507,785
508,785
509,785
510,785
511,785
512,785
513,785
514,785
515,785
516,785
517,785
518,785
519,785
520,785
521,785
522,785
523,785
524,785
525,785
526,785
527,785
528,785
529,785
530,785
531,785
532,785
533,785
534,785
535,785
536,785
537,785
538,785
539,785
540,785
541,785
542,785
543,785
544,785
545,785
546,785
547,785
548,785
549,785
550,785
551,785
552,785
553,785
554,785
555,785
556,785
557,785
558,785
559,785
560,785
561,785
562,785
563,785
564,785
565,785
566,785
567,785
568,785
569,785
570,785
571,785
572,785
573,785
574,785
575,785
576,785
577,785
578,785
579,785
580,785
581,785
582,785
583,785
584,785
585,785
586,785
587,785
588,785
589,785
590,785
591,785
592,785
593,785
594,785
595,785
596,785
597,785
598,785
599,785
600,785
601,785
602,785
603,785
604,785
605,785
606,785
607,785
608,785
609,785
610,785
611,785
612,785
613,785
614,785
615,785
616,785
617,785
618,785
619,785
620,785
621,785
622,785
623,785
624,785
625,785
626,785
627,785
628,785
629,785
630,785
631,785
632,785
633,785
634,785
635,785
636,785
637,785
638,785
639,785
640,785
641,785
642,785
643,785
644,785
645,785
646,785
647,785
648,785
649,785
650,785
651,785
652,785
653,785
654,785
655,785
656,785
657,785
658,785
659,785
660,785
661,785
662,785
663,785
664,785
665,785
666,785
667,785
668,785
669,785
670,785
671,784
671,784
718,788
718,788
719,787
720,787
721,787
722,787
723,787
724,787
725,786
726,786
727,786
728,786
729,786
730,785
731,785
732,785
733,785
734,785
735,784
737,784
738,783
739,781
740,780
740,778
741,777
741,775
742,774
742,774
743,773
743,773
745,770
745,770
747,766
747,766
749,762
749,762
750,760
750,758
751,757
751,755
752,754
752,753
752,752
752,751
753,750
753,749
753,748
753,747
754,746
754,745
754,744
754,743
754,742
755,741
755,740
755,739
755,738
755,737
755,736
755,735
755,734
756,733
756,732
756,731
756,730
756,729
756,728
756,727
756,726
756,725
757,724
757,723
757,722
757,721
757,720
757,719
757,718
757,717
757,716
757,715
757,714
757,713
757,712
757,711
757,710
757,709
757,708
757,707
757,706
756,705
756,704
756,703
756,702
756,701
756,700
756,699
756,698
756,697
756,696
756,695
756,694
756,693
755,692
755,691
755,690
755,689
755,688
755,687
755,686
755,685
755,684
755,683
754,682
754,681
754,680
754,679
754,678
754,677
754,676
754,675
753,674
753,673
753,672
753,671
753,670
753,669
752,668
752,667
752,666
752,665
752,664
752,663
751,662
751,661
751,660
751,659
751,658
751,657
751,656
750,655
750,654
750,653
750,652
750,651
750,650
749,649
749,648
749,647
749,646
748,645
748,644
748,643
748,642
748,641
748,640
748,639
747,638
747,637
747,636
747,635
747,634
746,633
746,632
746,631
746,630
746,629
745,628
745,626
744,625
744,624
744,623
744,622
744,621
743,620
743,619
743,618
743,617
742,616
742,615
742,614
742,613
741,612
741,611
741,610
741,609
741,608
741,607
740,606
740,604
739,603
739,602
739,601
739,600
738,599
738,598
738,597
738,596
737,595
737,594
737,593
737,592
736,591
736,590
736,589
736,588
735,587
735,586
735,585
735,584
734,583
734,581
733,580
733,579
733,578
733,577
732,576
732,575
732,574
732,573
731,572
731,571
731,570
731,569
730,568
730,566
729,565
729,564
729,563
729,562
728,561
728,559
727,558
727,557
727,556
727,555
726,554
726,552
725,551
725,549
724,548
724,546
723,545
723,544
723,543
723,542
722,540
722,540
721,539
721,537
720,536
720,534
719,533
719,531
718,530
718,528
717,527
717,525
716,523
716,523
715,522
715,520
714,518
714,518
713,516
713,516
712,515
712,513
711,511
711,511
710,509
710,509
709,508
709,506
708,505
708,505
707,504
707,502
706,500
706,500
705,498
705,498
704,496
704,496
703,494
703,494
702,492
702,492
701,490
701,490
700,488
700,488
699,486
699,486
698,484
698,484
697,482
697,482
696,480
696,480
695,479
695,479
694,477
694,477
693,475
693,475
692,473
692,473
691,471
691,471
690,470
690,470
689,468
689,468
688,467
688,467
687,465
687,465
686,464
686,464
685,463
685,463
684,461
684,461
683,460
683,460
682,459
682,459
681,457
681,457
680,456
680,456
679,455
679,455
678,454
678,454
677,453
677,453
676,452
676,452
675,451
675,451
674,449
674,449
673,448
673,446
673,443
673,443
676,440
678,440
679,439
680,439
681,439
682,439
683,438
685,438
686,437
688,437
689,436
690,436
691,436
692,436
693,435
695,435
696,434
698,434
701,432
703,432
704,431
706,431
707,430
709,430
712,428
714,428
717,426
719,426
722,424
724,424
725,423
727,423
730,421
730,421
732,420
734,420
737,418
737,418
741,416
741,416
745,414
745,414
749,412
749,412
751,411
751,411
754,409
754,409
758,407
758,407
761,405
761,405
764,403
764,403
767,401
767,401
770,399
770,399
771,398
771,398
772,397
772,397
773,396
773,396
774,395
774,395
775,394
775,394
776,393
776,393
777,392
777,392
778,391
778,391
779,390
779,390
781,387
781,387
782,386
782,386
784,383
784,383
785,381
785,379
786,378
786,377
786,376
786,375
786,374
786,373
786,372
786,371
786,370
786,369
786,368
786,367
785,365
785,365
784,363
784,363
783,362
783,362
782,361
782,359
781,358
781,357
781,356
781,355
781,354
783,351
783,351
784,350
784,350
785,349
785,349
786,348
786,348
787,347
787,347
788,346
788,346
789,345
789,345
791,342
791,342
792,341
792,341
793,340
793,340
795,337
795,337
797,334
797,334
799,330
799,330
800,328
800,327
800,326
800,325
801,324
801,323
801,322
801,321
801,320
802,319
802,318
802,317
802,316
802,315
802,314
801,313
801,312
801,311
801,310
801,309
801,308
801,307
800,306
800,304
799,302
799,302
798,300
798,300
797,298
797,298
796,296
796,296
795,294
795,294
794,293
794,293
793,292
793,292
792,290
792,290
791,289
791,289
790,288
790,288
789,287
789,287
788,285
788,285
787,284
787,283
787,282
787,281
787,280
787,279
787,278
787,277
788,276
788,275
788,274
788,273
789,272
789,271
789,270
789,269
789,268
789,267
789,266
790,265
790,264
790,263
790,262
790,261
790,260
790,259
791,258
791,257
791,256
791,255
791,254
791,253
791,252
791,251
791,250
791,249
791,248
791,247
791,246
791,245
791,244
791,243
790,242
790,241
790,240
790,239
790,238
790,237
790,236
789,235
789,234
789,233
789,232
789,231
788,230
788,228
787,227
787,226
787,225
787,224
786,222
786,222
785,220
785,220
784,218
784,218
783,216
783,216
782,215
782,215
781,213
781,213
780,212
780,212
779,211
779,211
778,210
778,208
777,207
777,206
777,205
777,204
777,203
779,200
779,200
780,199
780,199
782,196
782,196
783,195
783,195
784,194
784,194
786,191
786,191
787,190
787,190
789,187
789,187
790,186
790,186
792,183
792,183
793,182
793,182
795,179
795,179
797,175
797,175
799,171
799,169
799,168
799,167
800,166
800,165
800,164
800,163
800,162
800,161
799,160
799,158
798,156
798,156
795,154
795,154
793,153
791,153
790,152
789,152
788,152
787,152
786,152
785,152
784,152
783,151
782,151
781,151
780,151
779,151
778,152
777,152
776,152
775,152
774,152
773,152
772,152
771,153
769,153
768,154
766,154
765,155
763,155
762,156
760,156
759,157
758,157
757,157
756,157
755,158
754,158
753,158
752,158
751,158
750,158
749,158
748,158
747,158
746,158
745,158
744,158
743,158
742,158
741,157
739,157
738,156
738,156
737,155
737,155
736,154
736,154
735,153
735,153
734,152
734,152
731,150
731,150
730,149
730,149
729,148
729,148
728,147
728,147
727,146
727,146
726,145
726,145
725,144
725,144
724,143
724,143
723,142
723,142
722,141
722,141
721,140
721,140
718,138
718,138
717,137
715,137
714,136
712,136
711,137
710,137
708,137
705,139
705,139
702,141
702,141
701,142
701,142
700,143
700,143
697,145
697,145
696,146
696,146
695,147
695,147
694,148
694,148
693,149
693,149
692,150
692,150
689,152
689,152
688,153
688,153
687,154
687,154
686,155
686,155
685,156
685,156
684,157
684,157
683,158
683,158
682,159
682,159
681,160
681,160
680,161
680,161
679,162
679,162
678,163
678,163
677,164
677,164
676,165
676,165
675,166
675,166
674,167
674,167
673,168
673,168
672,169
672,169
671,170
671,170
670,171
670,171
669,172
669,172
668,173
668,173
667,174
667,174
666,175
666,175
665,176
665,176
664,177
664,177
663,178
663,178
662,179
662,179
661,180
661,180
660,181
660,181
659,182
659,182
658,183
658,183
657,184
657,184
656,185
656,185
655,186
655,186
654,187
654,187
653,188
653,188
652,189
652,189
651,190
651,190
650,191
650,191
649,192
649,192
648,193
648,193
647,194
647,194
646,195
646,195
645,196
645,196
644,197
644,197
643,198
643,198
642,199
642,199
641,200
641,200
639,203
639,203
638,204
638,204
637,205
637,205
636,206
636,206
635,207
635,207
634,208
634,208
633,209
633,209
632,210
632,210
631,211
631,211
629,214
629,214
628,215
628,215
627,216
627,216
626,217
626,217
625,218
625,218
624,219
624,219
623,220
623,220
621,223
621,223
620,224
620,224
619,225
619,225
618,226
618,226
617,227
617,227
616,228
616,228
615,229
615,229
614,230
614,230
612,233
612,233
611,234
611,234
610,235
610,235
609,236
609,236
607,239
607,239
606,240
606,240
605,241
605,241
604,242
604,242
603,243
603,243
602,244
602,244
600,247
600,247
599,248
599,248
598,249
598,249
597,250
597,250
596,251
596,251
595,252
595,252
593,255
593,255
592,256
592,256
591,257
591,257
590,258
590,258
589,259
589,259
588,260
588,260
586,263
586,263
585,264
585,264
584,265
584,265
583,266
583,266
582,267
582,267
581,268
581,268
579,271
579,271
578,272
578,272
577,273
577,273
576,274
576,274
575,275
575,275
574,276
574,276
572,279
572,279
571,280
571,280
570,281
570,281
569,282
569,282
568,283
568,283
567,284
567,284
566,285
566,285
564,288
564,288
563,289
563,289
562,290
562,290
561,291
561,291
560,292
560,292
558,295
558,295
557,296
557,296
556,297
556,297
555,298
555,298
554,299
554,299
553,300
553,300
551,303
551,303
550,304
550,304
549,305
549,305
548,306
548,306
547,307
547,307
545,310
545,310
544,311
544,311
543,312
543,312
541,315
541,315
540,316
540,316
537,318
535,318
532,320
530,320
528,319
528,321
528,322
528,323
528,324
527,325
527,325
526,327
526,327
524,331
524,331
522,335
522,335
520,338
520,338
518,341
518,341
528,316
528,314
528,313
528,312
528,311
528,310
528,309
529,308
529,306
530,305
530,304
530,303
530,302
531,301
531,299
532,298
532,297
532,296
532,295
533,294
533,293
533,292
533,291
534,290
534,289
534,288
534,287
535,286
535,285
535,284
535,283
536,282
536,281
536,280
536,279
537,278
537,277
537,276
537,275
538,274
538,273
538,272
538,271
539,270
539,269
539,268
539,267
540,266
540,265
540,264
540,263
540,262
541,261
541,260
541,259
541,258
542,257
542,256
542,255
542,254
542,253
542,252
543,251
543,250
543,249
543,248
543,247
543,246
544,245
544,244
544,243
544,242
544,241
544,240
545,239
545,238
545,237
545,236
545,235
545,234
545,233
545,232
545,231
545,230
545,229
545,228
545,227
545,226
544,225
544,224
544,223
544,222
544,221
544,220
543,218
543,218
542,217
542,217
541,216
541,216
540,215
539,215
538,215
537,215
536,215
535,215
533,215
530,217
530,217
529,218
529,218
528,219
528,219
527,220
527,220
526,221
526,221
525,222
525,222
524,223
524,223
523,224
523,224
521,227
521,227
519,230
519,230
517,233
517,233
515,236
515,236
513,239
513,239
511,242
511,242
510,244
510,244
508,247
508,247
506,251
506,251
504,254
504,254
502,258
502,258
500,261
500,261
498,264
498,266
497,267
497,267
495,271
495,271
493,275
493,275
491,278
491,278
489,282
489,282
487,286
487,286
485,290
485,290
483,294
483,294
481,298
481,298
479,302
479,302
477,306
477,306
473,308
473,308
469,310
469,310
468,312
468,313
468,314
468,315
468,316
467,317
467,318
467,319
467,320
467,321
467,322
466,323
466,324
466,325
466,326
465,327
465,329
467,309
467,309
466,308
466,307
466,306
466,305
466,304
466,303
466,302
466,301
466,300
466,299
466,298
466,297
466,296
466,295
466,294
466,293
466,292
466,291
466,290
466,289
466,288
466,287
466,286
466,285
466,284
466,283
466,282
466,281
466,280
466,279
467,278
467,277
467,276
467,275
467,274
467,273
467,272
467,271
467,270
467,269
467,268
467,267
467,266
467,265
467,264
467,263
467,262
467,261
467,260
467,259
467,258
467,257
467,256
467,255
467,254
467,253
467,252
467,251
467,250
467,249
467,248
467,247
467,246
467,245
467,244
467,243
467,242
467,241
467,240
467,239
467,238
467,237
467,236
466,235
466,234
466,233
466,232
466,231
466,230
466,229
466,228
466,227
466,226
466,225
466,224
466,223
466,222
466,221
466,220
466,219
466,218
466,217
466,216
466,215
466,214
466,213
466,212
466,211
466,210
466,209
466,208
466,207
466,206
466,205
466,204
466,203
466,202
466,201
466,200
466,199
465,198
465,197
465,196
465,195
465,194
465,193
465,192
465,191
465,190
465,189
465,188
465,187
465,186
465,185
465,184
465,183
465,182
465,181
465,180
465,179
465,178
465,177
465,176
465,175
465,174
465,173
464,172
464,171
464,170
464,169
464,168
464,167
464,166
464,165
464,164
464,163
464,162
464,161
464,160
464,159
464,158
464,157
464,156
464,155
463,154
463,153
463,152
463,151
463,150
463,149
463,148
463,147
463,146
463,145
463,144
463,143
463,142
463,141
463,140
463,139
462,138
462,137
462,136
462,135
462,134
462,133
462,132
462,131
462,130
462,129
462,128
462,127
462,126
462,125
462,124
462,123
461,122
461,121
461,120
461,119
461,118
461,117
461,116
461,115
461,114
461,113
461,112
460,111
460,110
460,109
460,108
460,107
460,106
460,105
460,104
460,103
460,102
460,101
460,100
459,99
459,98
459,97
459,96
459,95
459,94
459,93
459,92
459,91
459,90
458,89
458,88
458,87
458,86
458,85
458,84
458,83
458,82
457,81
457,80
457,79
457,78
457,77
457,76
457,75
457,74
456,73
456,72
456,71
456,70
456,69
456,68
456,67
456,66
455,65
455,64
455,63
455,62
455,61
455,60
455,59
454,58
454,57
454,56
454,55
454,54
454,53
453,52
453,51
453,50
453,49
452,48
452,47
452,46
452,45
451,44
451,42
450,40
450,40
449,38
449,38
448,37
448,37
447,36
447,36
446,35
445,35
444,35
443,35
442,35
441,34
439,34
438,35
437,35
436,35
435,35
434,35
433,35
432,35
431,35
430,35
429,35
428,35
427,35
426,35
425,36
424,36
423,36
422,36
421,36
420,36
419,35
418,35
417,35
416,35
415,35
414,35
413,35
412,34
410,34
407,32
407,32
406,31
406,31
405,30
405,30
404,29
404,29
403,28
403,28
402,27
402,27
401,26
401,26
400,25
400,25
399,23
399,23
398,22
398,22
397,20
397,20
396,19
396,19
395,17
395,17
394,16
394,16
393,15
393,15
392,13
392,13
391,12
391,12
390,11
390,11
389,10
389,8
388,7
388,6
388,5
388,4
386,4
385,3
383,3
382,2
381,2
380,2
379,2
378,1
376,1
375,0
375,0
368,1
366,1
364,2
364,2
389,3
389,3
390,2
390,2
391,1
392,1
393,1
394,1
395,1
396,1
397,1
398,1
399,1
400,1
401,1
402,1
403,1
404,1
405,1
406,1
407,1
408,1
409,1
410,1
411,1
412,1
413,1
414,1
415,1
416,1
417,1
418,1
419,1
420,1
421,1
422,1
423,1
424,1
425,1
426,1
427,1
428,1
429,1
430,1
431,1
432,1
433,1
434,1
435,1
436,1
437,1
438,1
439,1
440,1
441,1
442,1
443,1
444,1
445,1
446,1
447,1
448,1
449,1
450,1
451,1
452,1
453,1
454,1
455,1
456,1
457,1
458,1
459,1
460,1
461,1
462,1
463,1
464,1
465,1
466,1
467,1
468,1
469,1
470,1
471,1
472,1
473,1
474,1
475,1
476,1
477,1
478,1
479,1
480,1
481,1
482,1
483,1
484,1
485,1
486,1
487,1
488,1
489,1
490,1
491,1
492,1
493,1
494,1
495,1
496,1
497,1
498,1
499,1
500,1
501,1
502,1
503,1
504,1
505,1
506,1
507,1
508,1
509,1
510,1
511,1
512,1
513,1
514,1
515,1
516,1
517,1
518,1
519,1
520,1
521,1
522,1
523,1
524,1
525,1
526,1
527,1
528,1
529,1
530,1
531,1
532,1
533,1
534,1
535,1
536,1
537,1
538,1
539,1
540,1
541,1
542,1
543,1
544,1
545,1
546,1
547,1
548,1
549,1
550,1
551,1
552,1
553,1
554,1
555,1
556,1
557,1
558,1
559,1
560,1
561,1
562,1
563,1
564,1
565,1
566,1
567,1
568,1
569,1
570,1
571,1
572,1
573,1
574,1
575,1
576,1
577,1
578,1
579,1
580,1
581,1
582,1
583,1
584,1
585,1
586,1
587,1
588,1
589,1
590,1
591,1
592,1
593,1
594,1
595,1
596,1
597,1
598,1
599,1
600,1
601,1
602,1
603,1
604,1
605,1
606,1
607,1
608,1
609,1
610,1
611,1
612,1
613,1
614,1
615,1
616,1
617,1
618,1
619,1
620,1
621,1
622,1
623,1
624,1
625,1
626,1
627,1
628,1
629,1
630,1
631,1
632,1
633,1
634,1
635,1
636,1
637,1
638,1
639,1
640,1
641,1
642,1
643,1
644,1
645,1
646,1
647,1
648,1
649,1
650,1
651,1
652,1
653,1
654,1
655,1
656,1
657,1
658,1
659,1
660,1
661,1
662,1
663,1
664,1
665,1
666,1
667,1
668,1
669,1
670,1
671,1
672,1
673,1
674,1
675,1
676,1
677,1
678,1
679,1
680,1
681,1
682,1
683,1
684,1
685,1
686,1
687,1
688,1
689,1
690,1
691,1
692,1
693,1
694,1
695,1
696,1
697,1
698,1
699,1
700,1
701,1
702,1
703,1
704,1
705,1
706,1
707,1
708,1
709,1
710,1
711,1
712,1
713,1
714,1
715,1
716,1
717,1
718,1
719,1
720,1
721,1
722,1
723,1
724,1
725,1
726,1
727,1
728,1
729,1
730,1
731,1
732,1
733,1
734,1
735,1
736,1
737,1
738,1
739,1
740,1
741,1
742,1
743,1
744,1
745,1
746,1
747,1
748,1
749,1
750,1
751,1
752,1
753,1
754,1
755,1
756,1
757,1
758,1
759,1
760,1
761,1
762,1
763,1
764,1
765,1
766,1
767,1
768,1
769,1
770,1
771,1
772,1
773,1
774,1
775,1
776,1
777,1
778,1
779,1
780,1
781,1
782,1
783,1
784,1
785,1
786,1
787,1
788,1
789,1
790,1
791,1
792,1
793,1
794,1
795,1
796,1
797,1
798,1
799,1
800,1
801,1
802,1
803,1
804,1
805,1
806,1
807,1
808,1
809,1
810,1
811,1
812,1
813,1
814,1
815,1
816,1
817,2
817,3
817,4
817,5
817,6
817,7
817,8
817,9
817,10
817,11
817,12
817,13
817,14
817,15
817,16
817,17
817,18
817,19
817,20
817,21
817,22
817,23
817,24
817,25
817,26
817,27
817,28
817,29
817,30
817,31
817,32
817,33
817,34
817,35
817,36
817,37
817,38
817,39
817,40
817,41
817,42
817,43
817,44
817,45
817,46
817,47
817,48
817,49
817,50
817,51
817,52
817,53
817,54
817,55
817,56
817,57
817,58
817,59
817,60
817,61
817,62
817,63
817,64
817,65
817,66
817,67
817,68
817,69
817,70
817,71
817,72
817,73
817,74
817,75
817,76
817,77
817,78
817,79
817,80
817,81
817,82
817,83
817,84
817,85
817,86
817,87
817,88
817,89
817,90
817,91
817,92
817,93
817,94
817,95
817,96
817,97
817,98
817,99
817,100
817,101
817,102
817,103
817,104
817,105
817,106
817,107
817,108
817,109
817,110
817,111
817,112
817,113
817,114
817,115
817,116
817,117
817,118
817,119
817,120
817,121
817,122
817,123
817,124
817,125
817,126
817,127
817,128
817,129
817,130
817,131
817,132
817,133
817,134
817,135
817,136
817,137
817,138
817,139
817,140
817,141
817,142
817,143
817,144
817,145
817,146
817,147
817,148
817,149
817,150
817,151
817,152
817,153
817,154
817,155
817,156
817,157
817,158
817,159
817,160
817,161
817,162
817,163
817,164
817,165
817,166
817,167
817,168
817,169
817,170
817,171
817,172
817,173
817,174
817,175
817,176
817,177
817,178
817,179
817,180
817,181
817,182
817,183
817,184
817,185
817,186
817,187
817,188
817,189
817,190
817,191
817,192
817,193
817,194
817,195
817,196
817,197
817,198
817,199
817,200
817,201
817,202
817,203
817,204
817,205
817,206
817,207
817,208
817,209
817,210
817,211
817,212
817,213
817,214
817,215
817,216
817,217
817,218
817,219
817,220
817,221
817,222
817,223
817,224
817,225
817,226
817,227
817,228
817,229
817,230
817,231
817,232
817,233
817,234
817,235
817,236
817,237
817,238
817,239
817,240
817,241
817,242
817,243
817,244
817,245
817,246
817,247
817,248
817,249
817,250
817,251
817,252
817,253
817,254
817,255
817,256
817,257
817,258
817,259
817,260
817,261
817,262
817,263
817,264
817,265
817,266
817,267
817,268
817,269
817,270
817,271
817,272
817,273
817,274
817,275
817,276
817,277
817,278
817,279
817,280
817,281
817,282
817,283
817,284
817,285
817,286
817,287
817,288
817,289
817,290
817,291
817,292
817,293
817,294
817,295
817,296
817,297
817,298
817,299
817,300
817,301
817,302
817,303
817,304
817,305
817,306
817,307
817,308
817,309
817,310
817,311
817,312
817,313
817,314
817,315
817,316
817,317
817,318
817,319
817,320
817,321
817,322
817,323
817,324
817,325
817,326
817,327
817,328
817,329
817,330
817,331
817,332
817,333
817,334
817,335
817,336
817,337
817,338
817,339
817,340
817,341
817,342
817,343
817,344
817,345
817,346
817,347
817,348
817,349
817,350
817,351
817,352
817,353
817,354
817,355
817,356
817,357
817,358
817,359
817,360
817,361
817,362
817,363
817,364
817,365
817,366
817,367
817,368
817,369
817,370
817,371
817,372
817,373
817,374
817,375
817,376
817,377
817,378
817,379
817,380
817,381
817,382
817,383
817,384
817,385
817,386
817,387
817,388
817,389
817,390
817,391
817,392
817,393
817,394
817,395
817,396
817,397
817,398
817,399
817,400
817,401
817,402
817,403
817,404
817,405
817,406
817,407
817,408
817,409
817,410
817,411
817,412
817,413
817,414
817,415
817,416
817,417
817,418
817,419
817,420
817,421
817,422
817,423
817,424
817,425
817,426
817,427
817,428
817,429
817,430
817,431
817,432
817,433
817,434
817,435
817,436
817,437
817,438
817,439
817,440
817,441
817,442
817,443
817,444
817,445
817,446
817,447
817,448
817,449
817,450
817,451
817,452
817,453
817,454
817,455
817,456
817,457
817,458
817,459
817,460
817,461
817,462
817,463
817,464
817,465
817,466
817,467
817,468
817,469
817,470
817,471
817,472
817,473
817,474
817,475
817,476
817,477
817,478
817,479
817,480
817,481
817,482
817,483
817,484
817,485
817,486
817,487
817,488
817,489
817,490
817,491
817,492
817,493
817,494
817,495
817,496
817,497
817,498
817,499
817,500
817,501
817,502
817,503
817,504
817,505
817,506
817,507
817,508
817,509
817,510
817,511
817,512
817,513
817,514
817,515
817,516
817,517
817,518
817,519
817,520
817,521
817,522
817,523
817,524
817,525
817,526
817,527
817,528
817,529
817,530
817,531
817,532
817,533
817,534
817,535
817,536
817,537
817,538
817,539
817,540
817,541
817,542
817,543
817,544
817,545
817,546
817,547
817,548
817,549
817,550
817,551
817,552
817,553
817,554
817,555
817,556
817,557
817,558
817,559
817,560
817,561
817,562
817,563
817,564
817,565
817,566
817,567
817,568
817,569
817,570
817,571
817,572
817,573
817,574
817,575
817,576
817,577
817,578
817,579
817,580
817,581
817,582
817,583
817,584
817,585
817,586
817,587
817,588
817,589
817,590
817,591
817,592
817,593
817,594
817,595
817,596
817,597
817,598
817,599
817,600
817,601
817,602
817,603
817,604
817,605
817,606
817,607
817,608
817,609
817,610
817,611
817,612
817,613
817,614
817,615
817,616
817,617
817,618
817,619
817,620
817,621
817,622
817,623
817,624
817,625
817,626
817,627
817,628
817,629
817,630
817,631
817,632
817,633
817,634
817,635
817,636
817,637
817,638
817,639
817,640
817,641
817,642
817,643
817,644
817,645
817,646
817,647
817,648
817,649
817,650
817,651
817,652
817,653
817,654
817,655
817,656
817,657
817,658
817,659
817,660
817,661
817,662
817,663
817,664
817,665
817,666
817,667
817,668
817,669
817,670
817,671
817,672
817,673
817,674
817,675
817,676
817,677
817,678
817,679
817,680
817,681
817,682
817,683
817,684
817,685
817,686
817,687
817,688
817,689
817,690
817,691
817,692
817,693
817,694
817,695
817,696
817,697
817,698
817,699
817,700
817,701
817,702
817,703
817,704
817,705
817,706
817,707
817,708
817,709
817,710
817,711
817,712
817,713
817,714
817,715
817,716
817,717
817,718
817,719
817,720
817,721
817,722
817,723
817,724
817,725
817,726
817,727
817,728
817,729
817,730
817,731
817,732
817,733
817,734
817,735
817,736
817,737
817,738
817,739
817,740
817,741
817,742
817,743
817,744
817,745
817,746
817,747
817,748
817,749
817,750
817,751
817,752
817,753
817,754
817,755
817,756
817,757
817,758
817,759
817,760
817,761
817,762
817,763
817,764
817,765
817,766
817,767
817,768
817,769
817,770
817,771
817,772
817,773
817,774
817,775
817,776
817,777
817,778
817,779
817,780
817,781
817,782
817,783
816,784
816,784
815,785
814,785
813,785
812,785
811,785
810,785
809,785
808,785
807,785
806,785
805,785
804,785
803,785
802,785
801,785
800,785
799,785
798,785
797,785
796,785
795,785
794,785
793,785
792,785
791,785
790,785
789,785
788,785
787,785
786,785
785,785
784,785
783,785
782,785
781,785
780,785
779,785
778,785
777,785
776,785
775,785
774,785
773,785
772,785
771,785
770,785
769,785
768,785
767,785
766,785
765,785
764,785
763,785
762,785
761,785
760,785
759,785
758,785
757,785
756,785
755,785
754,785
753,785
752,785
751,785
750,785
749,785
748,785
747,785
746,785
745,785
744,785
743,785
742,785
741,785
740,784
740,784
706,722
705,722
704,722
703,722
700,720
700,720
699,719
699,719
698,718
698,718
697,717
697,717
696,716
696,716
695,715
695,715
694,713
694,713
693,712
693,712
692,711
692,711
691,710
691,710
690,708
690,708
689,707
689,707
688,706
688,706
687,704
687,704
686,703
686,703
685,701
685,701
684,700
684,700
683,699
683,699
682,697
682,697
681,696
681,696
680,694
680,694
679,693
679,693
678,691
678,691
677,690
677,690
676,688
676,688
675,686
675,686
674,685
674,685
673,683
673,683
672,682
672,682
671,680
671,680
670,678
670,678
669,677
669,677
668,675
668,675
667,673
667,673
666,672
666,672
665,670
665,670
664,669
664,669
663,667
663,667
662,665
662,665
661,664
661,664
660,662
660,662
659,660
659,660
658,659
658,659
657,658
657,658
656,656
656,656
655,655
655,655
654,654
654,654
653,652
653,652
652,651
652,651
651,650
651,650
650,649
650,649
649,648
649,648
648,647
648,647
647,646
647,646
646,645
646,645
645,644
645,644
644,643
644,643
643,642
643,642
642,641
642,641
641,640
641,640
640,639
640,639
639,638
639,638
638,637
638,637
635,635
635,635
634,634
634,634
633,633
633,633
632,632
632,632
629,630
629,630
628,629
628,629
627,628
627,628
626,627
626,627
623,625
623,625
622,624
622,624
621,623
621,623
620,622
620,622
619,621
619,621
616,619
616,619
615,618
615,618
614,617
614,617
613,616
613,616
610,614
610,614
609,613
609,613
608,612
608,612
607,611
607,611
604,609
604,609
603,608
603,608
602,607
602,607
601,606
601,606
600,605
600,605
597,603
597,603
596,602
596,602
595,601
595,601
594,600
594,600
593,599
593,599
592,598
592,598
589,596
589,596
588,595
588,595
587,594
587,594
586,593
586,593
585,592
585,592
584,591
584,591
583,590
583,590
582,589
582,589
581,588
581,588
580,587
580,587
579,586
579,586
578,585
578,585
577,584
577,584
576,583
576,583
575,582
575,582
574,581
574,581
573,579
573,579
572,578
572,578
571,577
571,575
570,574
570,573
570,572
570,571
570,570
570,569
570,568
570,567
570,566
570,565
570,564
572,561
572,561
574,557
574,557
575,556
575,556
577,553
577,553
578,551
578,550
578,549
578,548
578,547
579,546
579,545
579,544
579,543
579,542
579,541
578,540
578,539
578,538
578,537
577,535
577,535
576,533
576,533
575,531
575,531
574,530
574,530
573,528
573,528
572,527
572,527
571,525
571,525
570,524
570,524
569,523
569,523
568,521
568,521
567,520
567,520
566,519
566,519
565,518
565,518
564,516
564,516
563,515
563,515
562,514
562,514
561,513
561,513
560,511
560,511
559,510
559,510
558,509
558,509
557,508
557,508
556,507
556,507
555,505
555,505
554,504
554,504
553,503
553,503
552,502
552,502
551,501
551,501
550,499
550,499
549,498
549,498
548,497
548,497
547,496
547,496
546,495
546,495
545,493
545,493
544,492
544,492
543,490
543,490
542,488
542,488
541,487
541,487
540,486
540,484
539,482
539,482
538,481
538,479
537,477
537,477
536,476
536,474
535,473
535,472
535,471
535,470
535,469
535,468
534,467
534,466
534,465
534,464
534,463
534,462
534,461
534,460
534,459
533,458
533,457
533,456
533,455
533,454
533,453
533,452
533,451
533,450
533,449
533,448
533,447
533,446
533,445
533,444
533,443
533,442
533,441
533,440
533,439
532,438
532,437
532,436
532,435
532,434
532,433
532,432
532,431
532,430
532,429
532,428
532,427
532,426
532,425
532,424
532,423
532,422
532,421
532,420
532,419
533,418
534,418
535,418
536,418
537,419
538,419
539,419
540,419
542,419
545,421
547,421
548,422
550,422
553,424
555,424
556,425
558,425
561,427
563,427
566,429
568,429
571,431
573,431
574,432
576,432
580,434
580,434
583,436
585,436
588,438
590,438
593,440
595,440
596,441
596,441
599,443
601,443
605,445
605,445
608,447
610,447
612,448
612,448
615,450
615,450
617,451
617,451
621,453
621,453
624,455
624,455
628,457
628,457
631,459
631,459
634,461
634,461
637,463
637,463
640,465
640,465
641,466
641,466
642,467
642,467
643,468
643,468
644,469
644,469
645,470
645,470
646,472
646,472
647,473
647,474
647,475
647,476
648,477
648,478
648,479
648,480
648,481
647,482
647,483
647,485
645,488
645,488
644,489
644,489
643,490
643,490
641,493
641,493
640,494
640,494
639,495
639,495
638,496
638,496
637,497
637,497
636,498
636,498
635,499
635,499
634,500
634,500
633,501
633,501
632,502
632,502
631,503
631,503
630,504
630,504
629,505
629,505
628,506
628,506
627,507
627,507
626,508
626,508
625,509
625,509
624,510
624,512
623,513
623,514
623,515
623,516
623,517
624,518
624,519
624,520
624,521
625,522
625,522
626,523
626,523
627,524
627,524
628,525
628,525
629,526
629,526
630,527
630,527
631,528
631,528
634,530
634,530
637,532
637,532
638,533
638,533
641,535
641,535
644,537
644,537
645,538
645,538
646,539
646,539
649,541
649,541
652,543
652,543
653,544
653,544
654,545
654,545
655,546
655,546
658,548
658,548
661,550
661,550
662,551
662,551
665,553
665,553
666,554
666,554
667,555
667,555
670,557
670,557
671,558
671,558
672,559
672,559
673,560
673,560
674,561
674,561
675,562
675,562
676,563
676,563
677,564
677,564
678,565
678,565
681,567
681,567
682,568
682,568
683,569
683,569
684,570
684,570
685,572
685,572
686,573
686,573
687,574
687,574
688,576
688,576
689,577
689,577
690,579
690,579
691,580
691,582
692,583
692,584
692,585
692,586
692,587
692,588
692,589
692,590
692,591
692,592
691,594
691,594
689,597
689,597
688,598
688,598
687,599
687,599
686,600
686,600
684,603
684,603
683,604
683,604
682,605
682,605
681,606
681,606
680,607
680,607
679,608
679,608
677,611
677,611
676,612
676,614
675,615
675,616
675,617
675,618
675,619
675,620
676,621
676,621
677,623
677,623
678,624
678,624
679,625
679,625
680,626
680,626
681,627
681,627
684,629
684,629
685,630
685,630
686,631
686,631
687,632
687,632
688,633
688,633
689,634
689,634
690,635
690,635
691,636
691,636
692,637
692,637
693,638
693,638
694,639
694,639
695,640
695,640
696,641
696,641
697,642
697,642
698,643
698,643
699,644
699,644
700,645
700,645
701,646
701,646
702,648
702,648
703,649
703,649
704,650
704,650
705,651
705,651
706,652
706,652
707,654
707,654
708,655
708,655
709,656
709,656
710,658
710,658
711,659
711,659
712,660
712,660
713,662
713,662
714,663
714,663
715,664
715,664
716,666
716,666
717,668
717,668
718,670
718,672
719,673
719,674
719,675
719,676
720,677
720,678
720,679
720,680
720,681
721,682
721,684
720,685
720,686
720,687
720,688
720,689
720,690
720,691
720,692
719,693
719,694
719,695
719,696
719,697
718,698
718,699
718,700
718,701
717,702
717,703
717,704
717,705
716,706
716,707
716,708
716,709
715,711
715,711
713,715
713,715
711,718
711,718
710,719
710,719
709,720
709,720
675,408
674,408
673,408
672,408
671,408
670,408
669,408
668,408
667,408
666,408
665,408
664,408
663,408
662,408
661,408
660,408
659,408
658,408
657,408
656,407
655,407
654,407
653,407
652,407
651,407
650,407
649,407
648,407
647,407
646,407
645,407
644,406
643,406
642,406
641,406
640,406
639,406
638,406
637,405
636,405
635,405
634,405
633,405
632,404
631,404
630,404
629,404
628,404
627,403
626,403
625,403
624,403
623,403
622,402
621,402
620,402
619,402
618,401
617,401
616,401
615,401
614,401
613,400
612,400
611,400
610,400
609,399
608,399
607,399
606,399
605,398
604,398
603,398
602,398
601,397
600,397
599,397
598,397
597,396
596,396
595,396
594,396
593,395
592,395
591,395
590,395
589,394
588,394
587,394
586,394
585,393
584,393
583,393
582,393
581,392
580,392
579,392
578,392
577,391
576,391
575,391
574,391
573,390
572,390
571,390
570,390
569,389
568,389
567,389
566,389
565,388
564,388
563,388
562,388
561,388
560,387
559,387
558,387
557,387
556,387
555,386
554,386
553,386
552,386
551,386
550,386
549,385
548,385
547,385
546,385
545,385
544,385
543,384
543,384
542,380
542,381
541,383
539,383
543,379
543,377
544,376
544,374
545,373
545,373
546,372
546,372
547,371
547,371
549,368
549,368
550,367
550,367
551,366
551,366
552,365
552,365
553,364
553,364
555,361
555,361
556,360
556,360
557,359
557,359
559,356
559,356
560,355
560,355
561,354
561,354
563,351
563,351
564,350
564,350
565,349
565,349
566,348
566,348
568,345
568,345
569,344
569,344
570,343
570,343
571,342
571,342
572,341
572,341
574,338
574,338
575,337
575,337
576,336
576,336
578,333
578,333
579,332
579,332
580,331
580,331
581,330
581,330
583,327
583,327
584,326
584,326
585,325
585,325
586,324
586,324
588,321
588,321
589,320
589,320
591,317
591,317
592,316
592,316
593,315
593,315
594,314
594,314
595,313
595,313
597,310
597,310
598,309
598,309
599,308
599,308
601,305
601,305
602,304
602,304
603,303
603,303
604,302
604,302
605,301
605,301
607,298
607,298
608,297
608,297
610,294
610,294
611,293
611,293
612,292
612,292
613,291
613,291
614,290
614,290
616,287
616,287
617,286
617,286
618,285
618,285
620,282
620,282
621,281
621,281
622,280
622,280
624,277
624,277
625,276
625,276
626,275
626,275
627,274
627,274
628,273
628,273
629,272
629,272
631,269
631,269
632,268
632,268
634,265
634,265
635,264
635,264
636,263
636,263
637,262
637,262
639,259
639,259
640,258
640,258
641,257
641,257
642,256
642,256
644,253
644,253
645,252
645,252
646,251
646,251
647,250
647,250
648,249
648,249
650,246
650,246
651,245
651,245
652,244
652,244
654,241
654,241
655,240
655,240
656,239
656,239
657,238
657,238
659,235
659,235
660,234
660,234
661,233
661,233
662,232
662,232
664,229
664,229
665,228
665,228
666,227
666,227
668,224
668,224
669,223
669,223
670,222
670,222
671,221
671,221
673,218
673,218
674,217
674,217
675,216
675,216
677,213
677,213
678,212
678,212
679,211
679,211
680,210
680,210
681,209
681,209
683,206
683,206
684,205
684,205
685,204
685,204
687,201
687,201
688,200
688,200
689,199
689,199
690,198
690,198
691,197
691,197
692,196
692,196
693,195
693,195
694,194
694,194
695,193
695,193
696,192
696,192
697,191
697,191
698,190
698,190
699,189
699,189
700,188
700,188
703,186
703,186
704,185
704,185
707,183
707,183
708,182
708,182
711,180
711,180
714,178
714,178
717,176
717,176
721,174
723,174
724,174
725,174
726,174
727,174
728,174
729,174
730,174
731,175
733,175
734,176
734,176
735,177
735,177
736,178
736,178
737,179
737,179
738,180
738,180
739,181
739,181
740,183
740,183
741,185
741,185
742,187
742,189
743,190
743,192
744,193
744,194
744,195
744,196
744,197
744,198
744,199
744,200
745,201
745,202
745,203
745,204
745,205
745,206
745,207
745,208
745,209
745,210
745,211
745,212
745,213
745,214
744,215
744,216
744,217
744,218
744,219
744,220
744,221
743,222
743,223
743,224
743,225
742,226
742,228
741,229
741,231
740,233
740,233
738,236
738,238
736,242
736,242
734,246
734,246
732,249
732,249
730,253
730,253
728,256
728,256
727,258
727,258
725,261
725,261
724,263
724,263
722,267
722,267
720,270
720,271
720,272
720,273
720,274
720,275
720,276
721,277
721,279
722,280
722,280
723,281
723,281
725,282
725,282
729,284
729,284
732,286
734,286
737,288
739,288
741,289
741,289
744,291
746,291
750,293
750,293
753,295
753,297
754,298
754,300
753,301
753,303
752,304
752,304
749,306
749,306
748,307
748,307
745,309
745,309
744,310
744,310
741,312
741,312
738,314
738,314
736,315
736,315
733,317
733,317
730,319
730,319
727,321
727,321
724,323
724,323
721,325
721,325
718,327
718,327
717,328
717,328
714,330
714,330
712,333
712,335
712,338
712,338
713,340
713,340
714,341
714,341
715,342
717,342
720,344
722,344
726,346
726,346
729,348
731,348
733,349
733,349
736,351
736,351
737,352
737,352
738,353
738,353
739,354
739,356
740,357
740,357
739,358
739,359
739,361
737,364
737,364
735,367
735,367
734,368
734,368
733,369
733,369
731,372
731,372
730,373
730,373
729,374
729,374
728,375
728,375
727,376
727,376
726,377
726,377
725,378
725,378
724,379
724,379
723,380
723,380
722,381
722,381
721,382
721,382
718,384
718,384
717,385
717,385
716,386
716,386
715,387
715,387
714,388
714,388
713,389
713,389
710,391
710,391
709,392
709,392
706,394
706,394
705,395
705,395
702,397
702,397
701,398
701,398
698,400
698,400
696,401
696,401
693,403
693,403
690,405
689,405
688,405
687,405
686,406
684,406
683,407
682,407
681,407
680,407
679,407
678,407
677,407
676,407
452,465
451,465
450,465
449,465
448,465
447,465
446,465
445,465
444,465
443,465
442,464
441,464
440,464
439,464
438,464
377,403
377,403
376,404
376,404
375,405
375,405
374,406
374,406
371,408
371,408
370,409
370,409
366,411
366,411
363,413
363,413
360,415
358,415
356,416
356,416
353,418
351,418
350,419
349,419
348,419
347,419
346,420
344,420
343,421
342,421
341,421
340,421
339,422
338,422
337,422
336,422
335,422
334,423
333,423
332,423
331,423
330,423
329,423
328,423
327,423
326,424
325,424
324,424
323,424
322,424
321,424
320,424
319,424
318,425
317,425
316,425
315,425
314,425
313,425
312,426
311,426
310,426
309,426
308,426
307,426
306,427
305,427
304,427
303,427
302,428
300,428
299,429
297,429
296,430
296,430
295,431
295,431
292,433
292,433
291,434
291,434
290,435
290,437
288,440
288,442
286,445
286,447
285,448
285,450
284,451
284,453
283,454
283,456
281,460
281,460
279,463
279,463
278,464
278,464
277,465
277,465
276,466
276,466
275,467
275,467
274,468
273,468
272,468
271,468
270,469
268,469
267,470
266,470
265,470
264,470
263,470
262,470
261,470
260,470
259,470
258,470
257,470
256,470
255,470
254,470
253,470
252,470
251,470
250,470
249,470
248,470
247,470
246,470
245,470
244,470
243,470
242,470
241,470
240,470
239,470
238,470
237,470
236,470
235,469
234,469
233,469
232,469
231,469
230,469
229,469
228,469
227,469
226,469
225,469
224,469
223,469
222,469
221,469
220,468
219,468
218,468
217,468
216,468
215,468
214,468
213,468
212,468
211,468
210,468
209,468
208,468
207,468
206,468
205,468
204,468
203,468
202,468
201,468
200,468
199,469
198,469
197,469
196,469
195,469
194,469
193,469
192,469
191,469
190,469
189,469
188,469
187,469
186,469
185,469
184,469
183,469
182,469
181,470
180,470
179,470
178,470
177,470
176,470
175,470
174,470
173,470
172,470
171,471
170,471
169,471
168,471
167,471
166,471
165,472
164,472
163,472
162,472
161,472
160,473
159,473
158,473
157,473
156,474
154,474
153,475
151,475
148,477
146,477
145,478
143,478
141,479
141,479
138,481
136,481
135,482
133,482
132,483
130,483
127,485
126,485
125,485
124,485
123,486
121,486
120,487
119,487
118,487
117,487
116,488
114,488
113,489
112,489
111,489
110,489
109,490
108,490
107,490
106,490
105,491
103,491
102,492
101,492
100,492
99,492
98,493
97,493
96,493
95,493
94,494
93,494
92,494
91,494
90,494
89,494
88,495
87,495
86,495
85,495
84,495
83,495
82,495
81,495
80,495
79,494
79,494
78,493
78,493
77,492
77,491
77,490
77,489
77,488
77,487
77,486
77,485
77,484
77,483
77,482
77,481
77,480
77,479
78,478
78,477
78,476
78,475
78,474
80,471
80,469
82,466
82,466
84,462
84,462
86,459
86,459
87,458
87,458
88,457
88,457
89,456
89,456
90,455
90,455
91,454
91,454
92,453
92,453
93,452
93,452
96,450
96,450
99,448
99,448
102,446
102,446
106,444
106,444
108,443
110,443
111,442
113,442
114,441
116,441
117,440
119,440
120,439
121,439
122,439
123,439
124,439
125,439
126,438
127,438
128,438
129,438
130,438
131,438
132,438
133,437
134,437
135,437
136,437
137,437
138,437
139,437
140,437
141,437
142,437
143,437
144,437
145,437
146,437
147,437
148,437
149,437
150,437
151,437
152,437
153,437
154,436
155,436
156,436
157,436
158,436
159,436
160,436
161,436
162,436
163,436
166,434
166,434
168,433
168,433
169,432
169,432
170,431
170,429
171,428
171,427
171,426
171,425
171,424
171,423
171,422
171,421
171,420
171,419
171,418
171,417
171,416
171,415
171,414
171,413
171,412
171,411
171,410
171,409
171,408
171,407
171,406
171,405
171,404
172,403
172,401
173,400
173,400
174,399
174,399
175,398
175,398
176,397
176,397
177,396
177,396
180,394
180,394
182,393
184,393
187,391
189,391
190,391
191,391
192,390
193,390
194,390
195,390
196,390
197,390
198,390
199,390
200,389
201,389
202,389
203,389
204,389
205,389
206,389
207,389
208,389
209,389
210,389
211,389
212,389
213,389
214,389
215,389
216,389
217,389
218,389
219,389
220,389
221,389
222,389
223,389
224,389
225,389
226,389
227,389
228,389
229,389
230,389
231,389
232,389
233,389
234,389
235,389
236,390
237,390
238,390
239,390
240,390
241,390
242,390
243,390
244,390
245,390
246,390
247,390
248,390
249,390
250,390
251,390
252,390
253,390
254,390
255,390
256,390
257,391
258,391
259,391
260,391
261,391
262,391
263,391
264,391
265,391
266,390
268,390
269,389
270,389
271,389
272,389
273,388
273,388
274,387
274,387
275,386
275,385
275,384
275,383
276,382
276,381
276,380
276,379
276,378
276,377
275,376
275,375
275,374
275,373
275,372
275,371
275,370
274,369
274,368
274,367
274,366
274,365
274,364
274,363
274,362
274,361
274,360
274,359
274,358
274,357
274,356
274,355
274,354
274,353
274,352
274,351
274,350
274,349
276,346
276,344
277,343
277,343
278,342
278,342
279,341
279,341
280,340
280,340
283,338
283,338
285,337
286,337
287,337
288,337
289,337
290,337
291,336
292,336
293,336
294,336
295,336
296,336
297,336
298,337
299,337
300,337
301,337
302,337
303,337
304,337
305,338
306,338
307,338
308,338
309,338
310,339
311,339
312,339
313,339
314,339
315,339
316,340
318,340
319,341
321,341
322,342
323,342
324,342
325,342
326,343
327,343
328,343
329,343
330,344
331,344
332,344
333,344
334,345
336,345
337,346
338,346
340,346
343,348
344,348
345,348
346,348
347,348
348,349
350,349
351,350
353,350
354,351
355,351
357,351
360,353
361,353
362,353
363,353
364,354
366,354
367,355
369,355
370,356
371,356
372,356
373,356
374,357
376,357
379,359
380,359
382,359
385,361
386,361
387,361
388,361
390,362
390,362
393,364
394,364
395,364
396,364
397,365
398,365
399,365
400,365
401,366
401,366
402,367
402,367
403,369
403,370
403,371
403,372
402,373
402,375
401,376
401,376
400,377
400,377
399,378
399,378
398,379
398,379
397,380
397,380
396,381
396,381
395,382
395,382
394,383
394,383
393,384
393,384
391,387
391,387
390,388
390,388
389,389
389,389
388,390
388,390
387,391
387,391
385,394
385,394
384,395
384,395
383,396
383,396
381,399
381,399
380,400
380,400
379,401
379,401
378,402
378,402
415,335
417,335
418,336
419,336
420,336
421,336
422,337
423,337
424,337
425,337
426,336
426,335
426,334
426,333
426,332
426,331
426,330
426,329
426,328
426,327
426,326
426,325
426,324
426,323
426,322
426,321
426,320
426,319
426,318
426,317
426,316
426,315
426,314
426,313
426,312
426,311
426,310
426,309
426,308
426,307
426,306
426,305
426,304
426,303
426,302
426,301
426,300
426,299
426,298
426,297
426,296
426,295
426,294
426,293
426,292
426,291
426,290
426,289
426,288
426,287
426,286
426,285
426,284
426,283
426,282
426,281
426,280
426,279
426,278
426,277
426,276
426,275
426,274
426,273
426,272
426,271
426,270
426,269
426,268
426,267
426,266
426,265
426,264
426,263
426,262
426,261
426,260
426,259
426,258
426,257
426,256
426,255
426,254
426,253
426,252
426,251
426,250
426,249
426,248
426,247
426,246
426,245
426,244
426,243
426,242
426,241
426,240
426,239
426,238
426,237
426,236
426,235
426,234
426,233
426,232
426,231
426,230
426,229
426,228
426,227
426,226
426,225
426,224
426,223
426,222
426,221
426,220
426,219
426,218
426,217
426,216
426,215
426,214
426,213
426,212
426,211
426,210
426,209
426,208
426,207
426,206
426,205
426,204
426,203
426,202
426,201
426,200
426,199
426,198
426,197
426,196
426,195
426,194
426,193
426,192
426,191
426,190
426,189
426,188
426,187
426,186
426,185
426,184
426,183
426,182
426,181
426,180
426,179
426,178
426,177
426,176
426,175
426,174
426,173
426,172
426,171
426,170
426,169
426,168
426,167
426,166
426,165
426,164
426,163
426,162
426,161
426,160
426,159
426,158
426,157
426,156
426,155
426,154
426,153
426,152
426,151
426,150
426,149
426,148
426,147
426,146
426,145
426,144
426,143
426,142
426,141
426,140
426,139
426,138
426,137
426,136
426,135
426,134
426,133
426,132
426,131
426,130
426,129
426,128
426,127
426,126
426,125
426,124
426,123
426,122
426,121
426,120
426,119
426,118
426,117
426,116
426,115
426,114
426,113
426,112
426,111
426,110
426,109
426,108
426,107
426,106
426,105
426,104
426,103
426,102
426,101
426,100
426,99
425,98
425,97
425,96
425,95
425,94
425,93
425,92
425,91
425,90
425,89
425,88
424,87
424,86
424,85
424,84
424,83
424,82
423,81
423,80
423,79
423,78
423,77
422,76
422,75
422,74
422,73
422,72
421,70
421,70
420,68
420,68
419,66
419,66
418,64
418,64
417,63
417,63
416,61
416,61
415,60
415,60
414,59
414,59
413,58
413,58
410,56
410,56
408,55
407,55
406,55
405,55
404,55
403,55
400,55
399,55
398,55
397,55
396,55
395,55
394,56
392,56
390,57
390,57
387,59
387,59
386,60
386,60
383,62
383,62
382,63
382,63
380,66
380,66
378,69
378,69
376,73
376,73
374,77
374,77
372,80
372,82
370,85
370,87
368,90
368,91
368,93
366,96
366,97
366,98
366,99
365,100
365,102
364,103
364,104
364,105
364,106
363,107
363,108
363,109
363,110
362,111
362,112
362,113
362,114
361,115
361,116
361,117
361,118
361,119
360,120
360,121
360,122
360,123
359,124
359,125
359,126
359,127
359,128
358,129
358,131
357,132
357,134
356,136
356,136
354,139
354,139
351,141
350,141
349,141
348,141
347,141
346,141
345,141
344,141
343,141
342,141
341,141
340,141
339,140
337,140
336,139
335,139
334,139
333,139
330,137
328,137
325,135
325,135
323,134
322,134
321,134
320,134
319,134
318,134
317,134
316,134
315,134
314,134
313,134
312,134
311,135
311,135
310,136
310,137
310,138
310,139
310,140
310,141
310,142
310,143
310,144
310,145
310,146
310,147
310,148
310,149
311,150
311,152
312,153
312,155
313,156
313,156
314,158
314,160
315,161
315,161
316,163
316,165
317,166
317,166
318,168
318,168
319,170
319,172
320,173
320,175
321,176
321,177
321,178
321,179
321,180
322,181
322,182
322,183
322,184
322,185
323,186
323,187
323,188
323,190
321,193
321,193
320,194
319,194
318,194
317,194
316,194
315,194
314,194
313,194
312,193
310,193
309,192
307,192
304,190
302,190
299,188
297,188
296,187
295,187
294,187
293,187
292,187
291,187
290,187
289,187
288,187
287,188
287,188
286,189
286,189
284,192
284,194
283,195
283,196
283,197
283,198
283,199
283,200
283,201
283,202
283,203
283,204
283,205
283,206
283,207
283,208
283,209
283,210
283,211
283,212
283,213
283,214
283,215
283,216
283,217
283,218
283,219
283,220
283,221
283,222
283,223
284,224
284,225
284,226
284,227
284,228
284,229
285,230
285,231
285,232
285,233
285,234
285,235
286,236
286,238
287,239
287,241
288,242
288,244
289,245
289,245
290,247
290,249
291,250
291,250
292,252
292,252
293,254
293,254
294,256
294,256
295,257
295,257
296,259
296,259
297,260
297,260
298,262
298,262
299,263
299,263
300,264
300,264
301,265
301,265
302,267
302,267
303,268
303,268
304,269
304,269
305,270
305,270
306,271
306,271
307,272
307,272
308,273
308,273
309,274
309,274
310,275
310,275
311,276
311,276
314,278
314,278
315,279
315,279
316,280
316,280
317,281
317,281
320,283
320,283
321,284
321,284
324,286
324,286
326,287
326,287
329,289
329,289
332,291
332,291
334,292
334,292
338,294
338,294
341,296
341,296
345,298
345,298
349,300
349,300
353,302
353,302
357,304
357,304
361,306
361,306
365,308
365,308
368,310
370,310
374,312
374,312
378,314
378,314
382,316
382,316
386,318
386,318
390,320
390,320
394,322
394,322
397,324
397,324
401,326
401,326
404,328
404,328
406,329
406,329
409,331
409,331
411,332
411,332
414,334
414,334
285,304
285,304
284,303
282,303
377,533
377,533
