795,794
794,794
793,794
792,794
791,794
790,794
789,794
788,794
787,794
786,794
785,794
784,794
783,794
782,794
781,794
780,794
779,794
778,794
777,794
776,794
775,794
774,794
773,794
772,794
771,794
770,794
769,794
768,794
767,794
766,794
765,794
764,794
763,794
762,794
761,794
760,794
759,794
758,794
757,794
756,794
755,794
754,794
753,794
752,794
751,794
750,794
749,794
748,794
747,794
746,794
745,794
744,794
743,794
742,794
741,794
740,794
739,794
738,794
737,794
736,794
735,794
734,794
733,794
732,794
731,794
730,794
729,794
728,794
727,794
726,794
725,794
724,794
723,794
722,794
721,794
720,794
719,794
718,794
717,794
716,794
715,794
714,794
713,794
712,794
711,794
710,794
709,794
708,794
707,794
706,794
705,794
704,794
703,794
702,794
701,794
700,794
699,794
698,794
697,794
696,794
695,794
694,794
693,794
692,794
691,794
690,794
689,794
688,794
687,794
686,794
685,794
684,794
683,794
682,794
681,794
680,794
679,794
678,794
677,794
676,794
675,794
674,794
673,794
672,794
671,794
670,794
669,794
668,794
667,794
666,794
665,794
664,794
663,794
662,794
661,794
660,794
659,794
658,794
657,794
656,794
655,794
654,794
653,794
652,794
651,794
650,794
649,794
648,794
647,794
646,794
645,794
644,794
643,794
642,794
641,794
640,794
639,794
638,794
637,794
636,794
635,794
634,794
633,794
632,794
631,794
630,794
629,794
628,794
627,794
626,794
625,794
624,794
623,794
622,794
621,794
620,794
619,794
618,794
617,794
616,794
615,794
614,794
613,794
612,794
611,794
610,794
609,794
608,794
607,794
606,794
605,794
604,794
603,794
602,794
601,794
600,794
599,794
598,794
597,794
596,794
595,794
594,794
593,794
592,794
591,794
590,794
589,794
588,794
587,794
586,794
585,794
584,794
583,794
582,794
581,794
580,794
579,794
578,794
577,794
576,794
575,794
574,794
573,794
572,794
571,794
570,794
569,794
568,794
567,794
566,794
565,794
564,794
563,794
562,794
561,794
560,794
559,794
558,794
557,794
556,794
555,794
554,794
553,794
552,794
551,794
550,794
549,794
548,794
547,794
546,794
545,794
544,794
543,794
542,794
541,794
540,794
539,794
538,794
537,794
536,794
535,794
534,794
533,794
532,794
531,794
530,794
529,794
528,794
527,794
526,794
525,794
524,794
523,794
522,794
521,794
520,794
519,794
518,794
517,794
516,794
515,794
514,794
513,794
512,794
511,794
510,794
509,794
508,794
507,794
506,794
505,794
504,794
503,794
502,794
501,794
500,794
499,794
498,794
497,794
496,794
495,794
494,794
493,794
492,794
491,794
490,794
489,794
488,794
487,794
486,794
485,794
484,794
483,794
482,794
481,794
480,794
479,794
478,794
477,794
476,794
475,794
474,794
473,794
472,794
471,794
470,794
469,794
468,794
467,794
466,794
465,794
464,794
463,794
462,794
461,794
460,794
459,794
458,794
457,794
456,794
455,794
454,794
453,794
452,794
451,794
450,794
449,794
448,794
447,794
446,794
445,794
444,794
443,794
442,794
441,794
440,794
439,794
438,794
437,794
436,794
435,794
434,794
433,794
432,794
431,794
430,794
429,794
428,794
427,794
426,794
425,794
424,794
423,794
422,794
421,794
420,794
419,794
418,794
417,794
416,794
415,794
414,794
413,794
412,794
411,794
410,794
409,794
408,794
407,794
406,794
405,794
404,794
403,794
402,794
401,794
400,794
399,794
398,794
397,794
396,794
395,794
394,794
393,794
392,794
391,794
390,794
389,794
388,794
387,794
386,794
385,794
384,794
383,794
382,794
381,794
380,794
379,794
378,794
377,794
376,794
375,794
374,794
373,794
372,794
371,794
370,794
369,794
368,794
367,794
366,794
365,794
364,794
363,794
362,794
361,794
360,794
359,794
358,794
357,794
356,794
355,794
354,794
353,794
352,794
351,794
350,794
349,794
348,794
347,794
346,794
345,794
344,794
343,794
342,794
341,794
340,794
339,794
338,794
337,794
336,794
335,794
334,794
333,794
332,794
331,794
330,794
329,794
328,794
327,794
326,794
325,794
324,794
323,794
322,794
321,794
320,794
319,794
318,794
317,794
316,794
315,794
314,794
313,794
312,794
311,794
310,794
309,794
308,794
307,794
306,794
305,794
304,794
303,794
302,794
301,794
300,794
299,794
298,794
297,794
296,794
295,794
294,794
293,794
292,794
291,794
290,794
289,794
288,794
287,794
286,794
285,794
284,794
283,794
282,794
281,794
280,794
279,794
278,794
277,794
276,794
275,794
274,794
273,794
272,794
271,794
270,794
269,794
268,794
267,794
266,794
265,794
264,794
263,794
262,794
261,794
260,794
259,794
258,794
257,794
256,794
255,794
254,794
253,794
252,794
251,794
250,794
249,794
248,794
247,794
246,794
245,794
244,794
243,794
242,794
241,794
240,794
239,794
238,794
237,794
236,794
235,794
234,794
233,794
232,794
231,794
230,794
229,794
228,794
227,794
226,794
225,794
224,794
223,794
222,794
221,794
220,794
219,794
218,794
217,794
216,794
215,794
214,794
213,794
212,794
211,794
210,794
209,794
208,794
207,794
206,794
205,794
204,794
203,794
202,794
201,794
200,794
199,794
198,794
197,794
196,794
195,794
194,794
193,794
192,794
191,794
190,794
189,794
188,794
187,794
186,794
185,794
184,794
183,794
182,794
181,794
180,794
179,794
178,794
177,794
176,794
175,794
174,794
173,794
172,794
171,794
170,794
169,794
168,794
167,794
166,794
165,794
164,794
163,794
162,794
161,794
160,794
159,794
158,794
157,794
156,794
155,794
154,794
153,794
152,794
151,794
150,794
149,794
148,794
147,794
146,794
145,794
144,794
143,794
142,794
141,794
140,794
139,794
138,794
137,794
136,794
135,794
134,794
133,794
132,794
131,794
130,794
129,794
128,794
127,794
126,794
125,794
124,794
123,794
122,794
121,794
120,794
119,794
118,794
117,794
116,794
115,794
114,794
113,794
112,794
111,794
110,794
109,794
108,794
107,794
106,794
105,794
104,794
103,794
102,794
101,794
100,794
99,794
98,794
97,794
96,794
95,794
94,794
93,794
92,794
91,794
90,794
89,794
88,794
87,794
86,794
85,794
84,794
83,794
82,794
81,794
80,794
79,794
78,794
77,794
76,794
75,794
74,794
73,794
72,794
71,794
70,794
69,794
68,794
67,794
66,794
65,794
64,794
63,794
62,794
61,794
60,794
59,794
58,794
57,794
56,794
55,794
54,794
53,794
52,794
51,794
50,794
49,794
48,794
47,794
46,794
45,794
44,794
43,794
42,794
41,794
40,794
39,794
38,794
37,794
36,794
35,794
34,794
33,794
32,794
31,794
30,794
29,794
28,794
27,794
26,794
25,794
24,794
23,794
22,794
21,794
20,794
19,794
18,794
17,794
16,794
15,794
14,794
13,794
12,794
11,794
10,794
9,794
8,794
7,794
6,794
5,794
4,794
3,793
3,792
3,791
3,790
3,789
3,788
3,787
3,786
3,785
3,784
3,783
3,782
3,781
3,780
3,779
3,778
3,777
3,776
3,775
3,774
3,773
3,772
3,771
3,770
3,769
3,768
3,767
3,766
3,765
3,764
3,763
3,762
3,761
3,760
3,759
3,758
3,757
3,756
3,755
3,754
3,753
3,752
3,751
3,750
3,749
3,748
3,747
3,746
3,745
3,744
3,743
3,742
3,741
3,740
3,739
3,738
3,737
3,736
3,735
3,734
3,733
3,732
3,731
3,730
3,729
3,728
3,727
3,726
3,725
3,724
3,723
3,722
3,721
3,720
3,719
3,718
3,717
3,716
3,715
3,714
3,713
3,712
3,711
3,710
3,709
3,708
3,707
3,706
3,705
3,704
3,703
3,702
3,701
3,700
3,699
3,698
3,697
3,696
3,695
3,694
3,693
3,692
3,691
3,690
3,689
3,688
3,687
3,686
3,685
3,684
3,683
3,682
3,681
3,680
3,679
3,678
3,677
3,676
3,675
3,674
3,673
3,672
3,671
3,670
3,669
3,668
3,667
3,666
3,665
3,664
3,663
3,662
3,661
3,660
3,659
3,658
3,657
3,656
3,655
3,654
3,653
3,652
3,651
3,650
3,649
3,648
3,647
3,646
3,645
3,644
3,643
3,642
3,641
3,640
3,639
3,638
3,637
3,636
3,635
3,634
3,633
3,632
3,631
3,630
3,629
3,628
3,627
3,626
3,625
3,624
3,623
3,622
3,621
3,620
3,619
3,618
3,617
3,616
3,615
3,614
3,613
3,612
3,611
3,610
3,609
3,608
3,607
3,606
3,605
3,604
3,603
3,602
3,601
3,600
3,599
3,598
3,597
3,596
3,595
3,594
3,593
3,592
3,591
3,590
3,589
3,588
3,587
3,586
3,585
3,584
3,583
3,582
3,581
3,580
3,579
3,578
3,577
3,576
3,575
3,574
3,573
3,572
3,571
3,570
3,569
3,568
3,567
3,566
3,565
3,564
3,563
3,562
3,561
3,560
3,559
3,558
3,557
3,556
3,555
3,554
3,553
3,552
3,551
3,550
3,549
3,548
3,547
3,546
3,545
3,544
3,543
3,542
3,541
3,540
3,539
3,538
3,537
3,536
3,535
3,534
3,533
3,532
3,531
3,530
3,529
3,528
3,527
3,526
3,525
3,524
3,523
3,522
3,521
3,520
3,519
3,518
3,517
3,516
3,515
3,514
3,513
3,512
3,511
3,510
3,509
3,508
3,507
3,506
3,505
3,504
3,503
3,502
3,501
3,500
3,499
3,498
3,497
3,496
3,495
3,494
3,493
3,492
3,491
3,490
3,489
3,488
3,487
3,486
3,485
3,484
3,483
3,482
3,481
3,480
3,479
3,478
3,477
3,476
3,475
3,474
3,473
3,472
3,471
3,470
3,469
3,468
3,467
3,466
3,465
3,464
3,463
3,462
3,461
3,460
3,459
3,458
3,457
3,456
3,455
3,454
3,453
3,452
3,451
3,450
3,449
3,448
3,447
3,446
3,445
3,444
3,443
3,442
3,441
3,440
3,439
3,438
3,437
3,436
3,435
3,434
3,433
3,432
3,431
3,430
3,429
3,428
3,427
3,426
3,425
3,424
3,423
3,422
3,421
3,420
3,419
3,418
3,417
3,416
3,415
3,414
3,413
3,412
3,411
3,410
3,409
3,408
3,407
3,406
3,405
3,404
3,403
3,402
3,401
3,400
3,399
3,398
3,397
3,396
3,395
3,394
3,393
3,392
3,391
3,390
3,389
3,388
3,387
3,386
3,385
3,384
3,383
3,382
3,381
3,380
3,379
3,378
3,377
3,376
3,375
3,374
3,373
3,372
3,371
3,370
3,369
3,368
3,367
3,366
3,365
3,364
3,363
3,362
3,361
3,360
3,359
3,358
3,357
3,356
3,355
3,354
3,353
3,352
3,351
3,350
3,349
3,348
3,347
3,346
3,345
3,344
3,343
3,342
3,341
3,340
3,339
3,338
3,337
3,336
3,335
3,334
3,333
3,332
3,331
3,330
3,329
3,328
3,327
3,326
3,325
3,324
3,323
3,322
3,321
3,320
3,319
3,318
3,317
3,316
3,315
3,314
3,313
3,312
3,311
3,310
3,309
3,308
3,307
3,306
3,305
3,304
3,303
3,302
3,301
3,300
3,299
3,298
3,297
3,296
3,295
3,294
3,293
3,292
3,291
3,290
3,289
3,288
3,287
3,286
3,285
3,284
3,283
3,282
3,281
3,280
3,279
3,278
3,277
3,276
3,275
3,274
3,273
3,272
3,271
3,270
3,269
3,268
3,267
3,266
3,265
3,264
3,263
3,262
3,261
3,260
3,259
3,258
3,257
3,256
3,255
3,254
3,253
3,252
3,251
3,250
3,249
3,248
3,247
3,246
3,245
3,244
3,243
3,242
3,241
3,240
3,239
3,238
3,237
3,236
3,235
3,234
3,233
3,232
3,231
3,230
3,229
3,228
3,227
3,226
3,225
3,224
3,223
3,222
3,221
3,220
3,219
3,218
3,217
3,216
3,215
3,214
3,213
3,212
3,211
3,210
3,209
3,208
3,207
3,206
3,205
3,204
3,203
3,202
3,201
3,200
3,199
3,198
3,197
3,196
3,195
3,194
3,193
3,192
3,191
3,190
3,189
3,188
3,187
3,186
3,185
3,184
3,183
3,182
3,181
3,180
3,179
3,178
3,177
3,176
3,175
3,174
3,173
3,172
3,171
3,170
3,169
3,168
3,167
3,166
3,165
3,164
3,163
3,162
3,161
3,160
3,159
3,158
3,157
3,156
3,155
3,154
3,153
3,152
3,151
3,150
3,149
3,148
3,147
3,146
3,145
3,144
3,143
3,142
3,141
3,140
3,139
3,138
3,137
3,136
3,135
3,134
3,133
3,132
3,131
3,130
3,129
3,128
3,127
3,126
3,125
3,124
3,123
3,122
3,121
3,120
3,119
3,118
3,117
3,116
3,115
3,114
3,113
3,112
3,111
3,110
3,109
3,108
3,107
3,106
3,105
3,104
3,103
3,102
3,101
3,100
3,99
3,98
3,97
3,96
3,95
3,94
3,93
3,92
3,91
3,90
3,89
3,88
3,87
3,86
3,85
3,84
3,83
3,82
3,81
3,80
3,79
3,78
3,77
3,76
3,75
3,74
3,73
3,72
3,71
3,70
3,69
3,68
3,67
3,66
3,65
3,64
3,63
3,62
3,61
3,60
3,59
3,58
3,57
3,56
3,55
3,54
3,53
3,52
3,51
3,50
3,49
3,48
3,47
3,46
3,45
3,44
3,43
3,42
3,41
3,40
3,39
3,38
3,37
3,36
3,35
3,34
3,33
3,32
3,31
3,30
3,29
3,28
3,27
3,26
3,25
3,24
3,23
3,22
3,21
3,20
3,19
3,18
3,17
3,16
3,15
3,14
3,13
3,12
3,11
3,10
3,9
3,8
3,7
3,6
3,5
3,4
3,3
3,2
4,1
4,1
5,0
6,0
7,0
8,0
9,0
10,0
11,0
12,0
13,0
14,0
15,0
16,0
17,0
18,0
19,0
20,0
21,0
22,0
23,0
24,0
25,0
26,0
27,0
28,0
29,0
30,0
31,0
32,0
33,0
34,0
35,0
36,0
37,0
38,0
39,0
40,0
41,0
42,0
43,0
44,0
45,0
46,0
47,0
48,0
49,0
50,0
51,0
52,0
53,0
54,0
55,0
56,0
57,0
58,0
59,0
60,0
61,0
62,0
63,0
64,0
65,0
66,0
67,0
68,0
69,0
70,0
71,0
72,0
73,0
74,0
75,0
76,0
77,0
78,0
79,0
80,0
81,0
82,0
83,0
84,0
85,0
86,0
87,0
88,0
89,0
90,0
91,0
92,0
93,0
94,0
95,0
96,0
97,0
98,0
99,0
100,0
101,0
102,0
103,0
104,0
105,0
106,0
107,0
108,0
109,0
110,0
111,0
112,0
113,0
114,0
115,0
116,0
117,0
118,0
119,0
120,0
121,0
122,0
123,0
124,0
125,0
126,0
127,0
128,0
129,0
130,0
131,0
132,0
133,0
134,0
135,0
136,0
137,0
138,0
139,0
140,0
141,0
142,0
143,0
144,0
145,0
146,0
147,0
148,0
149,0
150,0
151,0
152,0
153,0
154,0
155,0
156,0
157,0
158,0
159,0
160,0
161,0
162,0
163,0
164,0
165,0
166,0
167,0
168,0
169,0
170,0
171,0
172,0
173,0
174,0
175,0
176,0
177,0
178,0
179,0
180,0
181,0
182,0
183,0
184,0
185,0
186,0
187,0
188,0
189,0
190,0
191,0
192,0
193,0
194,0
195,0
196,0
197,0
198,0
199,0
200,0
201,0
202,0
203,0
204,0
205,0
206,0
207,0
208,0
209,0
210,0
211,0
212,0
213,0
214,0
215,0
216,0
217,0
218,0
219,0
220,0
221,0
222,0
223,0
224,0
225,0
226,0
227,0
228,0
229,0
230,0
231,0
232,0
233,0
234,0
235,0
236,0
237,0
238,0
239,0
240,0
241,0
242,0
243,0
244,0
245,0
246,0
247,0
248,0
249,0
250,0
251,0
252,0
253,0
254,0
255,0
256,0
257,0
258,0
259,0
260,0
261,0
262,0
263,0
264,0
265,0
266,0
267,0
268,0
269,0
270,0
271,0
272,0
273,0
274,0
275,0
276,0
277,0
278,0
279,0
280,0
281,0
282,0
283,0
284,0
285,0
286,0
287,0
288,0
289,0
290,0
291,0
292,0
293,0
294,0
295,0
296,0
297,0
298,0
299,0
300,0
301,0
302,0
303,0
304,0
305,0
306,0
307,0
308,0
309,0
310,0
311,0
312,0
313,0
314,0
315,0
316,0
317,0
318,0
319,0
320,0
321,0
322,0
323,0
324,0
325,0
326,0
327,0
328,0
329,0
330,0
331,0
332,0
333,0
334,0
335,0
336,0
337,0
338,0
339,0
340,0
341,0
342,0
343,0
344,0
345,0
346,0
347,0
348,0
349,0
350,0
351,0
352,0
353,0
354,0
355,0
356,0
357,0
358,0
359,0
360,0
361,0
362,0
363,0
364,0
365,0
366,0
367,0
368,0
369,0
370,0
371,0
372,0
373,0
374,0
375,0
376,0
377,0
378,0
379,0
380,0
381,0
382,0
383,0
384,0
385,0
386,0
387,0
388,0
389,0
390,0
391,0
392,0
393,0
394,0
395,0
396,0
397,0
398,0
399,0
400,0
401,0
402,0
403,0
404,0
405,0
406,0
407,0
408,0
409,0
410,0
411,0
412,0
413,0
414,0
415,0
416,0
417,0
418,0
419,0
420,0
421,0
422,0
423,0
424,0
425,0
426,0
427,0
428,0
429,0
430,0
431,0
432,0
433,0
434,0
435,0
436,0
437,0
438,0
439,0
440,0
441,0
442,0
443,0
444,0
445,0
446,0
447,0
448,0
449,0
450,0
451,0
452,0
453,0
454,0
455,0
456,0
457,0
458,0
459,0
460,0
461,0
462,0
463,0
464,0
465,0
466,0
467,0
468,0
469,0
470,0
471,0
472,0
473,0
474,0
475,0
476,0
477,0
478,0
479,0
480,0
481,0
482,0
483,0
484,0
485,0
486,0
487,0
488,0
489,0
490,0
491,0
492,0
493,0
494,0
495,0
496,0
497,0
498,0
499,0
500,0
501,0
502,0
503,0
504,0
505,0
506,0
507,0
508,0
509,0
510,0
511,0
512,0
513,0
514,0
515,0
516,0
517,0
518,0
519,0
520,0
521,0
522,0
523,0
524,0
525,0
526,0
527,0
528,0
529,0
530,0
531,0
532,0
533,0
534,0
535,0
536,0
537,0
538,0
539,0
540,0
541,0
542,0
543,0
544,0
545,0
546,0
547,0
548,0
549,0
550,0
551,0
552,0
553,0
554,0
555,0
556,0
557,0
558,0
559,0
560,0
561,0
562,0
563,0
564,0
565,0
566,0
567,0
568,0
569,0
570,0
571,0
572,0
573,0
574,0
575,0
576,0
577,0
578,0
579,0
580,0
581,0
582,0
583,0
584,0
585,0
586,0
587,0
588,0
589,0
590,0
591,0
592,0
593,0
594,0
595,0
596,0
597,0
598,0
599,0
600,0
601,0
602,0
603,0
604,0
605,0
606,0
607,0
608,0
609,0
610,0
611,0
612,0
613,0
614,0
615,0
616,0
617,0
618,0
619,0
620,0
621,0
622,0
623,0
624,0
625,0
626,0
627,0
628,0
629,0
630,0
631,0
632,0
633,0
634,0
635,0
636,0
637,0
638,0
639,0
640,0
641,0
642,0
643,0
644,0
645,0
646,0
647,0
648,0
649,0
650,0
651,0
652,0
653,0
654,0
655,0
656,0
657,0
658,0
659,0
660,0
661,0
662,0
663,0
664,0
665,0
666,0
667,0
668,0
669,0
670,0
671,0
672,0
673,0
674,0
675,0
676,0
677,0
678,0
679,0
680,0
681,0
682,0
683,0
684,0
685,0
686,0
687,0
688,0
689,0
690,0
691,0
692,0
693,0
694,0
695,0
696,0
697,0
698,0
699,0
700,0
701,0
702,0
703,0
704,0
705,0
706,0
707,0
708,0
709,0
710,0
711,0
712,0
713,0
714,0
715,0
716,0
717,0
718,0
719,0
720,0
721,0
722,0
723,0
724,0
725,0
726,0
727,0
728,0
729,0
730,0
731,0
732,0
733,0
734,0
735,0
736,0
737,0
738,0
739,0
740,0
741,0
742,0
743,0
744,0
745,0
746,0
747,0
748,0
749,0
750,0
751,0
752,0
753,0
754,0
755,0
756,0
757,0
758,0
759,0
760,0
761,0
762,0
763,0
764,0
765,0
766,0
767,0
768,0
769,0
770,0
771,0
772,0
773,0
774,0
775,0
776,0
777,0
778,0
779,0
780,0
781,0
782,0
783,0
784,0
785,0
786,0
787,0
788,0
789,0
790,0
791,0
792,0
793,0
794,0
795,0
796,0
797,1
797,2
797,3
797,4
797,5
797,6
797,7
797,8
797,9
797,10
797,11
797,12
797,13
797,14
797,15
797,16
797,17
797,18
797,19
797,20
797,21
797,22
797,23
797,24
797,25
797,26
797,27
797,28
797,29
797,30
797,31
797,32
797,33
797,34
797,35
797,36
797,37
797,38
797,39
797,40
797,41
797,42
797,43
797,44
797,45
797,46
797,47
797,48
797,49
797,50
797,51
797,52
797,53
797,54
797,55
797,56
797,57
797,58
797,59
797,60
797,61
797,62
797,63
797,64
797,65
797,66
797,67
797,68
797,69
797,70
797,71
797,72
797,73
797,74
797,75
797,76
797,77
797,78
797,79
797,80
797,81
797,82
797,83
797,84
797,85
797,86
797,87
797,88
797,89
797,90
797,91
797,92
797,93
797,94
797,95
797,96
797,97
797,98
797,99
797,100
797,101
797,102
797,103
797,104
797,105
797,106
797,107
797,108
797,109
797,110
797,111
797,112
797,113
797,114
797,115
797,116
797,117
797,118
797,119
797,120
797,121
797,122
797,123
797,124
797,125
797,126
797,127
797,128
797,129
797,130
797,131
797,132
797,133
797,134
797,135
797,136
797,137
797,138
797,139
797,140
797,141
797,142
797,143
797,144
797,145
797,146
797,147
797,148
797,149
797,150
797,151
797,152
797,153
797,154
797,155
797,156
797,157
797,158
797,159
797,160
797,161
797,162
797,163
797,164
797,165
797,166
797,167
797,168
797,169
797,170
797,171
797,172
797,173
797,174
797,175
797,176
797,177
797,178
797,179
797,180
797,181
797,182
797,183
797,184
797,185
797,186
797,187
797,188
797,189
797,190
797,191
797,192
797,193
797,194
797,195
797,196
797,197
797,198
797,199
797,200
797,201
797,202
797,203
797,204
797,205
797,206
797,207
797,208
797,209
797,210
797,211
797,212
797,213
797,214
797,215
797,216
797,217
797,218
797,219
797,220
797,221
797,222
797,223
797,224
797,225
797,226
797,227
797,228
797,229
797,230
797,231
797,232
797,233
797,234
797,235
797,236
797,237
797,238
797,239
797,240
797,241
797,242
797,243
797,244
797,245
797,246
797,247
797,248
797,249
797,250
797,251
797,252
797,253
797,254
797,255
797,256
797,257
797,258
797,259
797,260
797,261
797,262
797,263
797,264
797,265
797,266
797,267
797,268
797,269
797,270
797,271
797,272
797,273
797,274
797,275
797,276
797,277
797,278
797,279
797,280
797,281
797,282
797,283
797,284
797,285
797,286
797,287
797,288
797,289
797,290
797,291
797,292
797,293
797,294
797,295
797,296
797,297
797,298
797,299
797,300
797,301
797,302
797,303
797,304
797,305
797,306
797,307
797,308
797,309
797,310
797,311
797,312
797,313
797,314
797,315
797,316
797,317
797,318
797,319
797,320
797,321
797,322
797,323
797,324
797,325
797,326
797,327
797,328
797,329
797,330
797,331
797,332
797,333
797,334
797,335
797,336
797,337
797,338
797,339
797,340
797,341
797,342
797,343
797,344
797,345
797,346
797,347
797,348
797,349
797,350
797,351
797,352
797,353
797,354
797,355
797,356
797,357
797,358
797,359
797,360
797,361
797,362
797,363
797,364
797,365
797,366
797,367
797,368
797,369
797,370
797,371
797,372
797,373
797,374
797,375
797,376
797,377
797,378
797,379
797,380
797,381
797,382
797,383
797,384
797,385
797,386
797,387
797,388
797,389
797,390
797,391
797,392
797,393
797,394
797,395
797,396
797,397
797,398
797,399
797,400
797,401
797,402
797,403
797,404
797,405
797,406
797,407
797,408
797,409
797,410
797,411
797,412
797,413
797,414
797,415
797,416
797,417
797,418
797,419
797,420
797,421
797,422
797,423
797,424
797,425
797,426
797,427
797,428
797,429
797,430
797,431
797,432
797,433
797,434
797,435
797,436
797,437
797,438
797,439
797,440
797,441
797,442
797,443
797,444
797,445
797,446
797,447
797,448
797,449
797,450
797,451
797,452
797,453
797,454
797,455
797,456
797,457
797,458
797,459
797,460
797,461
797,462
797,463
797,464
797,465
797,466
797,467
797,468
797,469
797,470
797,471
797,472
797,473
797,474
797,475
797,476
797,477
797,478
797,479
797,480
797,481
797,482
797,483
797,484
797,485
797,486
797,487
797,488
797,489
797,490
797,491
797,492
797,493
797,494
797,495
797,496
797,497
797,498
797,499
797,500
797,501
797,502
797,503
797,504
797,505
797,506
797,507
797,508
797,509
797,510
797,511
797,512
797,513
797,514
797,515
797,516
797,517
797,518
797,519
797,520
797,521
797,522
797,523
797,524
797,525
797,526
797,527
797,528
797,529
797,530
797,531
797,532
797,533
797,534
797,535
797,536
797,537
797,538
797,539
797,540
797,541
797,542
797,543
797,544
797,545
797,546
797,547
797,548
797,549
797,550
797,551
797,552
797,553
797,554
797,555
797,556
797,557
797,558
797,559
797,560
797,561
797,562
797,563
797,564
797,565
797,566
797,567
797,568
797,569
797,570
797,571
797,572
797,573
797,574
797,575
797,576
797,577
797,578
797,579
797,580
797,581
797,582
797,583
797,584
797,585
797,586
797,587
797,588
797,589
797,590
797,591
797,592
797,593
797,594
797,595
797,596
797,597
797,598
797,599
797,600
797,601
797,602
797,603
797,604
797,605
797,606
797,607
797,608
797,609
797,610
797,611
797,612
797,613
797,614
797,615
797,616
797,617
797,618
797,619
797,620
797,621
797,622
797,623
797,624
797,625
797,626
797,627
797,628
797,629
797,630
797,631
797,632
797,633
797,634
797,635
797,636
797,637
797,638
797,639
797,640
797,641
797,642
797,643
797,644
797,645
797,646
797,647
797,648
797,649
797,650
797,651
797,652
797,653
797,654
797,655
797,656
797,657
797,658
797,659
797,660
797,661
797,662
797,663
797,664
797,665
797,666
797,667
797,668
797,669
797,670
797,671
797,672
797,673
797,674
797,675
797,676
797,677
797,678
797,679
797,680
797,681
797,682
797,683
797,684
797,685
797,686
797,687
797,688
797,689
797,690
797,691
797,692
797,693
797,694
797,695
797,696
797,697
797,698
797,699
797,700
797,701
797,702
797,703
797,704
797,705
797,706
797,707
797,708
797,709
797,710
797,711
797,712
797,713
797,714
797,715
797,716
797,717
797,718
797,719
797,720
797,721
797,722
797,723
797,724
797,725
797,726
797,727
797,728
797,729
797,730
797,731
797,732
797,733
797,734
797,735
797,736
797,737
797,738
797,739
797,740
797,741
797,742
797,743
797,744
797,745
797,746
797,747
797,748
797,749
797,750
797,751
797,752
797,753
797,754
797,755
797,756
797,757
797,758
797,759
797,760
797,761
797,762
797,763
797,764
797,765
797,766
797,767
797,768
797,769
797,770
797,771
797,772
797,773
797,774
797,775
797,776
797,777
797,778
797,779
797,780
797,781
797,782
797,783
797,784
797,785
797,786
797,787
797,788
797,789
797,790
797,791
797,792
796,793
796,793
686,576
684,576
683,577
681,577
680,578
678,578
677,579
675,579
674,580
673,580
672,580
671,580
670,580
669,580
668,580
667,581
666,581
665,581
664,581
663,581
662,581
661,581
660,581
659,581
658,581
657,581
656,581
655,581
654,581
653,581
652,581
651,581
650,581
649,581
648,581
647,581
646,581
645,581
644,581
643,581
642,581
641,581
640,580
639,580
638,580
637,580
636,579
635,579
634,579
633,579
632,579
631,579
630,579
629,579
628,579
627,578
626,578
625,578
624,578
621,576
619,576
618,575
616,575
613,573
613,573
611,572
609,572
606,570
606,570
602,568
602,568
600,567
598,567
597,566
597,566
594,564
594,564
592,563
592,563
589,561
589,561
587,560
587,560
586,559
586,559
585,558
583,558
582,557
582,557
581,556
581,556
580,555
580,555
577,553
577,553
576,552
576,552
575,551
575,551
574,550
572,550
571,548
571,548
570,547
570,547
567,545
567,545
566,544
566,544
565,543
565,543
564,542
564,542
563,541
563,541
560,539
560,539
557,537
557,537
556,535
556,535
555,534
555,534
554,533
554,533
553,532
553,532
552,531
552,531
551,530
551,530
550,528
550,528
549,527
549,527
548,526
548,526
547,525
547,525
546,524
546,524
545,522
545,522
544,521
544,521
543,520
543,520
542,519
542,519
541,518
541,518
540,516
540,516
539,515
539,515
538,514
538,514
537,513
537,513
536,511
536,511
535,510
535,510
534,508
534,508
533,507
533,507
532,505
532,505
531,504
531,504
530,502
530,502
529,501
529,501
528,499
528,499
527,498
527,498
526,496
526,496
525,495
525,493
524,492
524,492
523,491
523,491
522,489
522,489
521,487
521,487
520,485
520,485
519,483
519,483
518,481
518,481
517,479
517,479
516,477
516,477
515,476
515,474
514,473
514,472
514,471
514,470
513,469
513,469
512,464
512,465
512,466
511,468
510,468
509,468
508,468
507,469
505,469
502,471
502,471
501,472
501,472
500,473
500,473
499,474
499,474
498,475
498,475
497,476
495,476
494,477
492,477
491,478
489,478
489,479
489,480
489,481
488,482
488,484
487,485
487,485
486,486
486,486
485,487
485,487
483,490
483,490
482,491
482,491
480,492
480,492
477,494
477,494
474,496
474,496
473,497
473,497
472,498
472,498
471,499
471,499
470,500
470,500
467,502
467,502
466,503
466,505
465,506
465,506
465,509
465,509
466,510
466,510
467,511
467,512
467,513
467,514
467,515
468,516
468,518
469,519
469,519
470,521
470,521
471,522
471,522
472,524
472,524
473,525
473,527
474,528
474,528
475,530
475,530
476,531
476,533
477,534
477,534
478,535
478,537
479,538
479,538
480,539
480,539
481,541
481,541
482,542
482,542
483,543
483,543
484,545
484,545
485,546
485,546
486,548
486,548
487,549
487,549
488,551
488,551
489,552
489,552
490,553
490,553
491,554
491,554
492,555
492,555
493,556
493,556
494,558
494,558
495,559
495,559
496,560
496,560
497,561
497,561
498,562
498,562
499,563
499,563
500,564
500,564
501,565
501,567
502,568
502,568
503,572
503,570
505,571
506,571
507,572
507,572
502,573
502,573
501,574
501,574
500,575
500,575
497,577
495,577
493,578
493,578
490,580
488,580
487,581
485,581
483,582
483,582
480,584
478,584
477,585
475,585
474,586
472,586
469,588
467,588
466,589
464,589
463,590
462,590
461,590
460,590
459,591
458,591
457,591
456,591
455,592
453,592
452,593
450,593
449,594
448,594
447,594
446,594
445,594
444,594
443,594
442,594
441,594
440,595
439,595
438,595
437,595
436,595
435,595
434,595
433,595
431,595
431,593
431,595
429,595
428,594
428,594
427,593
425,593
424,592
424,592
425,591
425,591
429,590
429,588
428,587
428,587
427,586
427,586
424,584
424,584
423,583
423,583
422,582
422,582
419,580
419,580
417,579
417,579
416,578
416,578
415,577
415,577
414,576
414,576
413,575
413,575
412,574
412,574
411,573
411,573
410,572
410,572
409,571
409,571
408,570
408,570
407,569
407,569
406,567
406,567
405,565
405,565
404,564
404,564
403,563
403,563
402,561
402,561
401,560
401,560
400,559
400,559
399,558
399,558
398,557
398,557
397,555
397,555
396,553
396,553
395,552
395,550
394,549
394,548
394,547
394,546
393,545
393,543
391,543
390,544
389,544
388,544
387,544
386,544
385,544
384,544
383,545
382,545
381,545
380,545
379,546
378,546
377,546
376,546
375,547
374,547
373,547
372,547
371,548
370,548
369,548
368,548
367,548
366,548
365,549
363,549
362,550
361,550
360,550
359,550
358,550
357,550
356,550
355,550
354,550
353,550
352,550
351,551
350,551
349,551
348,551
347,551
346,551
345,551
344,551
343,551
342,551
341,551
340,552
339,552
338,552
337,552
336,551
336,551
334,550
333,550
332,550
331,550
330,550
329,551
328,551
327,551
326,551
325,551
324,551
323,552
321,552
320,551
319,551
318,551
317,551
316,551
315,551
314,551
313,551
312,551
311,551
310,551
309,551
308,551
307,551
306,551
305,551
304,551
303,551
302,550
301,550
300,550
299,550
298,550
296,551
296,552
296,553
295,555
295,555
294,556
294,556
293,557
293,557
292,558
291,558
290,558
289,558
297,555
297,555
298,556
298,556
299,557
299,558
299,559
299,560
300,561
300,563
301,564
301,564
304,566
304,568
305,569
305,569
306,571
306,571
307,573
307,573
308,574
308,574
309,575
309,575
310,577
310,577
311,578
311,578
312,580
312,580
313,581
313,581
314,582
314,582
315,583
315,583
316,585
316,585
317,586
317,587
317,588
317,589
318,590
318,591
318,593
318,595
320,596
317,597
316,597
315,597
314,597
313,597
312,597
311,597
310,597
309,597
308,597
307,597
306,597
305,597
304,596
302,596
301,595
300,595
299,595
298,595
297,594
296,594
295,594
294,594
293,594
292,593
291,593
290,593
289,593
288,592
286,592
285,591
283,591
282,590
281,590
280,590
279,590
278,590
275,588
273,588
272,587
270,587
269,586
268,586
267,586
266,586
265,585
264,585
263,585
262,585
261,585
260,585
259,584
259,584
258,583
258,583
255,581
255,581
251,579
249,579
248,579
245,577
245,577
242,575
242,575
241,574
241,574
238,572
238,572
237,571
237,571
236,570
236,570
235,569
235,569
234,568
234,568
233,567
233,567
232,563
232,564
231,566
230,566
229,566
228,566
227,565
226,565
225,565
224,565
223,565
222,564
221,564
220,564
219,564
218,563
218,563
215,561
215,561
213,560
213,560
210,558
210,558
207,556
207,556
204,554
204,554
203,553
203,553
200,551
200,551
199,550
199,550
196,548
196,548
195,547
195,547
194,546
194,546
193,545
193,545
192,544
192,544
189,542
189,542
188,541
188,541
187,540
187,540
186,539
186,539
185,538
185,538
184,537
184,537
183,536
183,536
182,535
182,535
181,534
181,534
180,532
180,532
179,531
179,531
178,529
178,529
177,528
177,528
176,527
176,527
175,526
175,526
174,525
174,525
173,524
173,524
172,522
172,522
171,521
171,521
170,519
170,519
169,518
169,518
168,516
168,516
167,515
167,514
167,513
167,512
166,511
166,510
166,509
166,508
166,507
165,506
165,505
165,504
165,503
165,502
165,501
165,500
165,499
167,499
168,499
170,500
171,500
172,500
173,500
174,501
175,501
177,500
177,502
178,503
178,503
179,504
179,504
180,505
180,505
181,506
182,506
183,506
184,506
186,506
186,508
187,509
187,509
189,510
189,510
192,512
192,512
193,513
194,513
195,513
196,513
197,514
198,514
199,514
200,514
202,514
205,514
205,514
206,513
206,512
206,511
206,510
206,509
206,508
206,507
206,506
206,505
207,504
207,503
207,502
207,501
209,501
210,500
210,500
211,499
211,497
212,496
212,496
213,495
213,495
214,494
214,494
215,493
215,491
216,490
216,488
218,485
218,485
220,481
220,479
221,478
221,477
221,476
221,475
222,474
222,474
223,473
223,472
223,471
223,470
223,469
223,468
223,467
223,466
225,465
225,465
227,462
227,460
227,459
227,458
227,457
227,456
225,456
224,456
223,456
222,456
221,456
220,456
219,456
218,454
218,454
217,453
218,451
220,451
221,451
222,451
223,452
224,452
225,452
226,452
228,452
228,453
228,454
228,455
230,451
230,450
230,449
230,448
230,447
231,446
231,445
231,444
231,443
231,442
231,441
231,440
229,440
228,440
227,440
226,440
225,440
222,438
222,438
221,437
221,437
220,436
220,436
219,435
217,435
216,434
216,434
213,432
211,432
210,432
209,432
208,432
207,431
207,431
211,422
211,422
210,421
210,419
210,417
210,416
210,415
209,414
209,412
209,410
209,409
210,408
210,408
211,407
211,407
212,406
214,406
209,412
207,412
210,419
208,420
219,413
219,413
221,414
221,414
227,421
227,421
229,422
230,422
232,422
232,423
232,424
232,425
232,426
232,427
232,428
232,429
232,430
232,431
232,432
232,433
232,434
232,435
232,436
232,437
232,438
232,439
233,421
233,420
233,419
233,418
233,417
233,416
233,415
233,414
233,413
233,412
233,411
233,410
233,409
233,408
233,407
233,406
233,405
233,404
233,403
233,402
233,401
232,400
232,398
232,396
232,395
232,394
233,393
233,393
234,392
234,392
235,390
237,390
239,391
239,391
240,392
240,392
241,393
241,393
242,394
242,394
243,395
243,395
246,397
246,397
247,398
247,398
248,399
248,399
249,400
249,400
250,401
250,401
253,403
253,403
254,404
254,404
255,405
255,405
256,407
256,407
257,408
257,408
258,409
258,409
259,410
259,410
260,411
260,411
261,412
261,412
262,413
262,413
263,414
263,414
264,416
264,416
265,418
265,418
266,419
266,419
267,420
267,420
268,421
268,423
269,424
269,424
270,425
270,425
271,427
271,427
272,428
272,428
273,430
273,432
274,433
274,435
275,436
275,436
276,437
276,438
276,439
276,440
277,441
277,443
278,444
278,446
279,447
279,449
280,450
280,450
285,451
284,451
283,451
281,451
281,452
281,453
281,454
281,455
281,456
281,457
281,458
281,459
281,460
281,461
281,462
281,463
281,464
281,465
281,466
281,467
281,468
281,469
281,470
281,471
281,472
281,473
281,474
281,475
281,476
281,477
281,478
281,479
281,480
281,481
281,482
281,483
281,484
281,485
281,486
280,487
280,488
280,489
280,490
280,491
280,492
280,493
279,494
279,495
279,496
279,497
279,498
278,499
278,500
278,501
278,502
278,503
277,504
277,505
277,506
277,507
276,508
276,510
275,511
275,513
273,517
273,517
271,521
271,521
269,524
269,524
268,525
268,525
267,526
267,526
266,527
266,527
265,528
265,528
264,529
264,529
262,532
262,534
261,538
261,536
259,536
258,536
257,536
256,536
255,536
254,536
253,536
252,536
251,535
250,535
249,535
248,535
247,535
246,535
245,535
244,535
243,534
241,534
240,533
240,533
237,531
235,531
234,531
233,530
232,530
231,530
230,530
229,529
228,529
227,529
226,529
225,529
224,529
223,528
221,528
221,529
221,530
221,531
221,532
221,533
221,534
221,535
221,536
221,537
222,538
222,540
223,541
223,543
224,544
224,544
225,546
225,546
226,547
226,547
227,549
227,551
228,552
228,552
229,553
229,553
230,555
230,556
230,557
230,558
231,559
231,560
231,561
231,562
220,527
220,527
219,526
219,526
218,525
218,525
215,523
215,523
213,522
213,522
212,521
210,521
207,519
207,519
206,518
206,518
205,516
205,516
202,503
202,503
203,502
203,502
204,501
205,501
207,501
189,501
189,500
189,499
189,498
189,497
188,496
187,496
186,496
185,496
184,496
183,496
182,496
181,496
180,497
180,497
179,498
179,498
178,499
178,499
173,495
173,494
173,493
173,492
173,491
172,490
172,490
172,496
172,496
171,497
171,497
170,498
170,498
164,498
164,498
161,496
161,495
160,494
160,494
159,492
159,492
158,491
158,491
157,489
157,489
156,488
156,488
155,487
155,487
154,486
154,486
153,485
153,485
150,483
150,483
149,482
149,482
148,481
148,481
147,479
147,479
146,478
146,477
146,476
146,475
144,475
143,475
140,473
140,473
139,472
139,472
138,471
138,471
137,470
137,470
136,469
136,469
135,467
135,467
134,466
134,466
131,464
131,464
130,463
130,463
129,461
129,461
128,460
128,460
127,459
127,459
126,458
126,458
125,456
125,456
124,455
124,455
123,454
123,454
122,452
122,452
121,451
121,451
120,449
120,449
119,448
119,448
118,446
118,446
117,445
117,445
116,443
116,443
115,442
115,440
114,439
114,439
113,438
113,438
112,437
112,435
111,433
111,433
110,432
110,432
109,430
109,430
108,428
108,428
107,426
107,426
106,425
106,424
106,423
106,422
106,421
106,420
105,419
105,418
105,417
105,416
105,415
103,414
102,414
101,414
100,414
99,414
98,414
97,414
96,414
95,414
94,414
93,414
92,414
91,414
90,414
89,414
88,414
87,414
86,414
85,414
84,414
83,414
82,413
81,413
80,413
79,413
78,412
78,412
77,411
77,411
76,409
76,409
75,408
75,407
75,406
75,405
76,404
76,403
76,402
76,401
77,400
77,400
78,399
78,399
79,398
81,398
82,397
84,397
85,396
87,396
88,395
89,395
90,395
91,395
92,395
93,395
94,395
95,395
96,395
97,395
98,395
99,394
100,394
101,394
102,394
103,394
104,393
104,393
105,392
105,392
108,390
106,390
106,389
106,388
105,387
105,387
104,385
104,385
103,383
103,383
102,382
102,382
101,381
99,381
96,379
94,379
91,377
91,377
87,375
87,375
86,374
86,374
85,373
85,373
84,372
84,372
83,371
83,370
83,369
83,368
83,365
83,363
83,362
84,361
84,361
85,360
85,360
86,359
86,359
87,358
88,358
89,358
90,358
91,357
92,357
93,357
94,357
95,357
96,357
97,357
98,357
99,357
100,357
101,357
102,357
103,357
104,357
105,357
106,357
107,357
108,355
108,354
108,353
109,352
109,350
110,349
110,348
110,347
110,346
111,345
111,345
113,342
113,342
116,340
116,340
118,339
118,339
120,336
120,334
122,331
122,331
123,330
123,330
124,329
124,329
125,328
125,328
126,327
126,327
127,326
127,326
128,325
130,325
131,324
132,322
133,321
133,319
134,318
134,318
135,317
135,317
138,315
140,315
141,313
142,312
142,310
143,309
143,309
146,307
148,307
149,307
151,308
151,308
152,309
152,309
153,310
153,310
156,315
156,314
156,313
156,312
158,312
159,312
160,311
160,311
161,310
161,308
162,307
162,306
162,305
162,304
162,303
161,302
161,302
160,301
160,301
159,298
158,300
157,300
156,300
155,300
154,301
152,301
151,302
151,302
150,303
150,305
155,316
155,316
154,317
154,317
153,318
153,318
152,319
152,319
151,320
151,320
150,321
150,321
149,322
149,322
148,321
148,321
147,320
147,320
146,319
146,319
145,318
145,318
144,317
144,317
143,316
143,316
142,315
140,315
133,325
133,325
134,326
134,326
135,327
135,327
136,328
136,328
137,329
137,329
138,330
140,330
141,331
143,331
144,332
144,332
145,333
145,333
146,334
146,334
147,335
147,337
147,339
148,340
149,340
150,340
151,340
152,341
152,341
153,342
153,342
154,345
154,343
156,344
153,346
153,346
151,347
151,347
144,351
144,351
142,350
142,350
136,344
136,344
134,343
134,343
145,338
147,337
161,334
161,334
163,335
163,335
163,348
163,348
165,349
165,349
170,357
170,357
171,358
171,359
171,360
171,361
170,363
172,365
172,365
173,366
173,366
167,363
167,363
164,362
164,362
168,374
168,374
170,375
170,375
177,385
177,385
179,386
179,386
180,387
180,389
181,390
183,390
185,391
185,391
186,392
186,392
187,394
187,394
188,395
188,395
189,396
190,396
192,396
195,398
195,398
198,389
198,389
196,388
196,388
195,387
195,387
194,386
193,386
192,386
191,386
190,386
189,386
188,387
188,387
187,388
187,388
197,379
197,379
199,380
199,380
199,371
199,371
197,370
197,370
198,360
198,360
196,359
196,359
197,344
196,344
195,344
194,344
201,344
201,344
213,349
213,350
213,351
213,352
213,353
213,354
214,355
214,355
219,359
220,359
223,361
224,361
226,361
226,360
226,359
226,358
226,357
226,356
226,355
226,354
226,353
225,352
225,351
225,350
225,349
224,348
224,347
224,346
224,345
224,344
222,344
222,344
221,345
221,345
220,346
219,346
218,346
217,346
215,346
222,341
222,340
222,339
222,338
222,337
221,336
221,335
221,334
221,333
220,331
220,331
219,330
219,328
218,327
218,327
216,327
214,327
213,328
213,328
212,329
211,329
210,329
209,329
208,329
207,329
206,329
205,329
204,329
203,329
202,328
202,326
199,324
199,324
198,316
198,316
196,315
196,315
211,311
211,309
210,307
210,307
209,305
209,305
208,303
208,303
207,301
207,301
206,300
206,298
205,297
205,297
204,296
204,296
203,295
203,293
202,292
202,292
201,291
201,291
200,290
200,290
199,289
199,289
197,288
197,287
197,286
197,285
197,284
197,283
197,282
195,282
194,282
193,283
192,283
191,283
190,283
189,283
188,283
187,283
186,283
185,283
184,283
183,283
182,283
180,284
179,286
178,287
178,287
177,288
176,288
175,288
174,288
173,289
171,289
168,291
168,291
166,292
166,292
163,294
163,294
161,295
161,295
177,281
177,280
177,279
177,278
177,277
176,276
176,276
175,275
175,274
175,273
175,272
175,271
175,270
175,269
175,268
175,267
175,266
175,265
176,264
176,262
177,261
177,260
177,259
177,258
177,257
177,256
178,255
178,254
178,253
178,252
178,251
178,250
179,249
179,248
179,247
179,246
179,245
179,244
179,243
181,240
181,240
183,236
183,236
185,232
185,232
186,230
186,230
187,229
187,227
188,226
188,226
189,225
189,225
190,224
190,224
191,223
191,223
192,222
192,222
194,219
194,219
195,218
195,218
196,217
196,217
197,216
197,216
198,215
198,215
199,214
199,214
200,213
200,213
201,212
201,212
202,211
202,211
203,210
203,210
204,209
204,209
205,208
205,208
206,207
206,207
209,205
209,205
210,204
210,204
211,203
211,203
212,202
212,202
215,200
215,200
216,199
218,199
219,198
221,198
223,197
223,196
223,195
223,194
223,193
224,198
224,198
225,199
225,199
226,200
226,200
227,201
227,203
228,204
228,205
228,206
228,207
228,208
229,209
229,210
229,211
229,212
230,213
230,214
230,215
230,216
230,217
230,218
230,219
230,220
230,221
230,222
230,223
230,224
230,225
230,226
230,227
230,228
230,229
231,230
231,232
230,233
230,234
230,235
230,236
230,237
230,238
230,239
230,240
230,241
230,242
230,243
230,244
230,245
230,246
230,247
230,248
228,249
228,250
228,251
228,252
228,253
228,254
228,255
228,256
228,257
228,258
227,259
227,260
227,261
227,262
227,263
227,264
227,265
227,267
226,269
227,269
228,269
229,269
230,269
231,269
232,269
233,268
234,268
235,268
236,268
237,268
238,268
239,268
240,268
241,268
242,267
243,267
244,267
245,267
246,266
247,266
248,266
249,266
250,266
251,266
252,266
253,266
254,266
255,266
256,265
258,265
258,267
259,268
259,269
259,270
259,271
260,272
260,274
261,275
261,275
262,276
262,276
263,278
263,278
264,279
264,279
265,281
265,282
268,284
268,285
268,286
268,287
269,288
269,289
269,290
269,291
270,292
270,292
271,294
271,296
272,297
272,297
273,298
273,298
274,300
274,302
275,303
275,304
275,305
275,306
275,307
275,308
275,309
276,310
276,310
277,312
277,314
277,315
277,316
277,317
277,318
277,319
277,320
277,321
277,322
277,323
277,324
277,325
277,326
277,327
277,328
277,329
277,330
277,331
277,332
277,333
276,334
276,335
276,336
276,337
276,338
276,339
276,340
275,341
275,342
275,343
275,344
274,345
274,346
274,347
274,348
273,349
273,350
273,351
273,352
272,354
272,354
270,357
270,359
269,360
269,360
267,363
267,363
265,366
265,366
264,367
264,369
263,370
263,370
260,372
260,372
259,373
259,373
258,374
258,374
257,375
257,375
255,378
255,378
253,379
253,379
250,381
250,381
247,383
245,383
244,384
244,384
243,385
243,385
242,386
242,386
241,387
241,387
240,388
240,388
239,389
239,389
234,389
234,389
233,388
233,388
232,387
232,387
230,387
229,387
228,387
227,387
226,387
225,387
231,385
231,384
231,383
230,382
230,381
230,380
230,379
230,378
230,377
230,376
230,375
230,374
230,373
230,372
229,370
229,370
223,369
224,369
225,369
226,369
227,369
228,367
228,366
228,365
228,364
228,363
224,363
224,363
223,364
223,364
222,365
222,365
221,366
221,366
220,368
220,368
219,370
220,370
221,370
222,370
218,371
218,372
218,374
218,376
219,377
219,377
218,374
216,374
215,374
214,374
205,396
205,396
207,397
207,397
226,398
227,398
228,398
229,398
230,398
232,398
213,444
213,444
214,445
213,447
212,447
211,447
210,447
215,448
215,450
216,451
218,451
217,463
217,463
220,464
220,464
218,473
217,473
216,473
215,473
214,473
213,473
212,472
212,472
219,474
219,474
199,474
199,474
197,473
197,473
197,465
197,465
196,464
196,464
195,463
195,461
196,460
196,460
195,459
195,459
193,460
191,460
190,459
190,459
189,458
189,458
188,457
188,457
187,456
187,456
186,455
186,455
185,454
185,454
184,453
184,453
183,452
183,452
182,451
182,451
181,450
179,450
179,451
179,452
179,453
179,454
179,455
180,456
180,456
178,449
178,449
177,448
177,446
175,447
174,447
173,447
172,447
171,447
170,447
169,447
168,447
167,447
166,447
165,448
165,448
164,449
163,449
162,449
161,449
160,450
160,450
159,451
159,451
158,452
157,452
156,452
155,452
142,453
142,453
140,452
140,452
130,441
130,441
129,440
129,439
129,438
129,437
129,436
129,435
129,434
129,433
129,432
129,431
129,430
129,429
131,429
132,429
133,429
134,429
136,430
136,430
129,429
127,429
126,428
125,428
124,428
123,428
122,427
122,427
135,420
135,420
137,421
137,421
144,414
146,413
146,411
145,410
145,410
144,409
144,409
143,408
143,408
142,407
142,407
141,406
141,406
140,405
140,405
139,404
139,404
138,403
138,402
138,401
138,400
138,399
139,398
139,398
140,397
141,397
142,397
143,397
144,397
145,397
139,395
139,393
138,392
138,390
138,388
138,387
137,386
137,384
136,383
136,381
135,380
135,380
134,379
134,379
133,378
133,378
132,377
132,377
131,376
131,376
128,374
128,374
127,373
127,373
126,372
126,372
125,371
125,371
124,370
124,370
123,369
123,369
122,368
122,368
121,367
119,367
116,365
116,365
115,364
115,364
114,363
114,363
113,362
113,362
112,361
112,361
111,360
111,360
110,359
110,359
109,358
109,358
141,359
141,359
142,360
143,360
145,360
148,362
148,362
159,385
159,385
161,386
161,386
162,388
162,389
162,390
162,391
163,392
163,392
161,401
161,402
161,403
161,404
161,405
161,406
160,407
160,408
160,409
160,410
160,411
160,412
161,413
161,413
162,414
162,416
165,418
165,418
166,419
166,419
167,421
167,421
168,422
168,424
168,425
168,426
168,427
168,429
168,430
168,431
168,432
169,433
169,433
170,434
170,434
171,435
171,435
172,436
172,436
173,437
173,437
174,438
174,438
175,439
175,439
176,440
176,440
178,441
178,442
178,443
178,444
179,440
179,440
180,439
180,439
181,438
181,438
182,437
182,437
183,436
183,435
183,434
183,433
185,430
186,428
184,427
184,426
183,423
183,423
184,422
184,421
184,420
184,419
186,418
186,418
191,429
191,429
193,438
193,438
192,439
192,439
191,440
191,440
190,441
190,441
189,442
189,442
188,443
188,443
187,444
187,444
184,446
184,446
183,447
183,447
182,448
182,448
197,438
197,438
202,454
202,454
204,455
204,455
193,488
191,488
190,489
190,489
189,490
189,491
189,492
189,493
189,494
188,502
188,504
187,505
187,505
165,473
165,473
163,472
163,472
150,471
150,471
149,472
149,472
148,473
148,473
147,474
147,474
148,435
148,435
145,433
144,433
150,419
150,419
148,417
148,417
147,416
147,416
146,415
146,413
134,407
134,407
133,408
131,408
130,409
129,409
128,409
127,409
126,410
124,410
123,411
122,411
121,411
120,411
119,411
118,411
117,412
116,412
115,412
114,412
113,413
112,413
111,413
110,413
109,413
108,413
107,413
106,413
109,391
110,391
111,391
112,391
113,391
114,391
115,391
116,391
117,392
118,392
119,392
120,392
121,392
122,392
123,393
124,393
125,393
126,393
127,393
128,393
129,393
130,393
131,393
132,393
133,393
134,393
135,393
136,392
136,392
136,390
138,390
135,389
135,389
134,388
134,388
133,387
133,387
131,384
131,384
130,385
130,385
136,404
136,404
168,424
170,423
168,429
166,429
179,401
179,401
177,400
177,400
183,351
183,351
181,350
181,350
171,324
171,324
169,323
169,323
189,295
189,295
188,293
188,293
185,291
185,291
184,290
184,290
183,289
183,289
182,288
182,288
181,287
181,287
178,282
178,282
192,293
192,295
193,292
193,292
194,291
194,291
195,290
195,290
196,289
196,289
198,281
198,280
198,279
198,278
196,276
196,276
195,275
195,274
195,273
195,272
195,271
195,270
195,269
195,268
195,267
195,266
195,265
195,264
195,263
195,262
195,261
196,260
196,259
196,258
196,257
197,256
197,255
197,254
197,253
197,252
199,249
199,247
199,246
200,245
200,245
201,244
201,242
202,241
202,239
203,238
203,238
205,235
205,235
206,234
206,234
208,231
208,231
209,230
209,230
211,227
211,227
212,226
212,226
213,225
213,223
212,222
212,222
215,226
215,226
215,244
215,244
216,248
216,246
217,246
218,246
219,246
220,246
221,246
222,246
223,246
224,246
225,246
226,247
226,247
227,248
227,248
215,249
215,249
213,252
213,253
213,254
213,255
212,256
212,257
212,258
212,259
212,260
211,261
211,261
210,262
210,263
210,264
210,265
210,266
210,267
210,268
210,269
210,270
210,271
210,272
210,274
212,274
213,274
214,273
215,273
216,273
217,273
218,273
219,273
220,273
221,273
224,271
224,271
225,270
225,270
207,276
206,276
205,276
204,276
203,276
201,276
212,312
212,312
213,313
213,313
214,315
214,317
215,318
215,320
216,321
216,322
216,323
216,324
217,325
217,325
213,326
211,326
210,325
210,325
211,324
211,324
223,342
223,342
277,314
279,313
280,314
281,314
282,314
283,314
284,315
285,315
286,315
287,315
288,315
289,316
289,316
290,317
290,317
291,318
291,318
293,319
293,319
296,321
296,321
297,322
297,322
298,323
298,323
300,324
300,324
303,326
303,326
304,327
304,327
305,328
305,328
306,329
306,329
307,331
307,331
308,332
308,332
309,333
309,335
312,337
312,337
313,339
313,339
314,340
314,340
315,341
315,341
316,342
316,344
317,345
317,345
318,347
318,347
319,348
319,348
320,349
320,349
321,351
321,351
322,352
322,354
323,355
323,356
329,358
327,358
327,359
327,360
327,361
327,362
327,363
327,364
327,365
327,366
328,367
328,368
328,369
328,370
328,371
328,372
328,373
328,374
328,375
328,376
328,377
328,378
328,379
328,380
328,381
328,382
328,383
328,384
328,385
329,386
329,386
328,387
328,388
328,389
328,390
328,391
328,392
328,393
328,394
328,395
328,396
328,397
328,398
328,399
327,400
327,401
327,402
327,403
327,404
326,406
326,406
324,409
324,410
324,411
324,412
323,413
323,414
323,415
323,416
323,417
323,418
322,419
322,420
322,422
324,423
322,422
320,423
319,423
318,424
318,424
317,425
317,425
316,426
316,426
314,429
314,429
312,432
312,432
311,433
311,433
310,434
310,434
308,437
308,437
307,438
307,438
305,439
305,439
302,441
302,441
301,442
301,442
298,444
298,444
297,445
297,445
296,446
296,446
293,448
293,448
290,450
289,450
288,450
287,450
286,450
327,425
327,425
328,426
328,426
329,427
329,427
330,428
330,428
331,430
331,430
332,431
332,431
333,432
333,432
334,433
334,433
335,434
335,434
336,436
336,436
337,438
337,438
338,440
338,440
339,442
339,442
340,443
340,443
341,445
341,445
342,447
342,447
343,448
343,448
344,450
344,452
345,453
345,453
346,455
346,457
347,458
347,458
348,460
348,460
349,461
349,461
350,463
350,463
351,464
351,465
351,466
351,467
351,468
351,469
352,470
352,471
352,472
352,473
352,474
352,475
352,476
352,477
352,478
353,479
353,480
353,481
353,482
353,483
353,484
353,485
353,486
354,487
354,488
354,489
354,490
354,491
353,492
353,493
353,494
353,495
353,496
353,497
353,498
353,499
353,500
353,501
353,502
353,503
353,504
353,505
353,506
353,507
353,508
353,509
352,510
352,511
352,512
352,513
352,515
350,518
350,520
349,521
349,523
348,525
348,525
346,528
346,528
345,530
345,530
343,533
343,533
341,536
341,536
340,537
340,537
338,540
338,540
337,541
337,543
335,546
335,548
294,549
294,549
293,548
292,548
291,548
290,548
289,548
288,548
287,547
286,547
285,547
284,547
281,545
279,545
278,544
277,544
276,544
275,544
274,544
273,544
270,542
268,542
267,542
266,542
265,541
263,541
262,539
262,539
313,590
313,590
312,591
312,591
313,592
315,592
316,593
318,593
324,598
324,598
327,600
328,600
329,600
330,600
331,600
332,600
333,600
334,601
335,601
336,601
337,601
338,601
339,601
340,601
341,602
342,602
343,602
344,602
345,602
346,602
347,602
348,602
349,602
350,602
351,602
352,602
353,603
354,603
355,603
356,603
357,603
358,603
359,603
360,603
361,603
362,603
363,603
364,603
365,603
366,603
367,603
368,603
369,603
370,603
371,603
372,603
373,603
374,603
375,603
376,603
377,603
378,603
379,603
380,603
381,603
382,603
383,603
384,603
385,603
386,603
387,603
388,603
389,602
390,602
391,602
392,602
393,602
394,602
395,602
396,602
397,602
398,602
399,602
400,602
401,602
402,602
403,602
404,601
405,601
406,601
407,601
408,601
409,601
410,601
411,600
412,600
413,600
414,600
415,600
416,600
417,600
418,600
419,600
420,599
421,599
422,599
423,599
424,599
425,599
428,597
428,597
430,591
430,591
410,535
409,535
408,535
407,535
406,536
406,536
404,537
404,537
401,539
399,539
398,540
396,540
411,534
413,534
416,532
416,532
418,531
418,531
419,530
421,530
424,528
424,528
425,526
426,524
428,523
429,523
430,523
431,523
432,522
433,522
434,522
435,522
436,522
439,520
439,520
440,519
442,519
443,518
443,518
444,517
444,517
445,516
445,516
446,515
448,515
449,514
449,514
452,512
452,512
455,510
455,510
457,509
458,509
459,509
460,509
461,509
462,509
424,509
424,509
423,510
423,511
423,512
423,513
423,514
423,515
423,516
423,517
423,518
423,519
423,520
423,521
424,522
424,522
423,508
423,507
423,506
423,505
423,504
423,503
423,502
423,501
423,500
423,499
423,498
423,497
422,496
422,495
422,494
422,493
422,492
421,491
421,490
421,489
421,488
421,487
420,486
420,485
420,484
420,483
420,482
419,481
419,479
418,478
418,477
418,476
418,475
418,474
418,473
418,472
418,471
417,470
417,468
416,466
417,466
418,466
419,466
420,466
421,465
422,465
423,465
424,465
425,464
425,464
426,463
426,463
428,460
428,460
429,459
429,459
431,456
431,456
432,455
432,455
434,452
434,452
435,450
435,450
436,449
436,449
438,446
438,446
440,442
440,440
441,439
441,437
442,436
442,436
443,435
443,434
443,433
443,432
444,431
444,430
444,429
444,428
445,427
445,425
446,424
446,423
446,422
446,421
446,420
446,419
446,418
446,417
448,414
448,412
448,411
448,410
448,409
448,408
448,407
449,406
449,406
450,405
450,405
452,405
454,405
455,406
457,406
458,407
458,407
459,408
459,408
460,409
460,409
461,411
461,411
462,412
462,412
463,413
463,413
464,414
464,414
465,415
465,417
466,418
466,418
467,419
467,419
468,421
468,421
469,422
469,422
470,424
470,424
471,426
471,426
472,427
472,427
473,429
473,429
474,431
474,433
475,434
475,436
476,437
476,437
477,439
477,440
480,442
480,442
481,441
483,441
484,441
485,440
487,440
488,439
488,439
489,438
489,438
491,435
491,435
492,434
492,434
493,433
493,433
495,430
495,430
498,427
498,427
500,423
500,423
502,419
502,417
503,416
503,416
504,415
504,413
506,410
506,410
507,409
507,409
509,408
509,407
509,406
509,405
509,404
509,403
509,402
509,401
509,400
509,399
509,398
509,397
509,396
509,395
509,394
510,393
511,391
509,391
508,389
508,389
507,388
507,386
506,385
506,384
506,383
506,382
505,381
505,380
505,379
505,378
505,377
504,376
504,374
503,373
503,371
502,370
502,368
501,367
501,367
500,366
500,364
499,363
499,363
498,362
498,362
497,360
497,360
496,358
496,358
495,357
495,357
494,355
494,355
493,354
493,352
490,350
490,350
489,349
489,349
488,348
488,348
487,347
487,347
486,346
486,346
485,345
485,345
484,344
484,344
483,343
481,343
480,342
479,342
478,342
477,342
475,342
475,342
474,343
474,343
473,344
473,345
473,346
473,347
472,348
472,349
472,350
472,351
472,352
471,353
471,354
471,355
471,356
470,357
470,357
469,358
469,359
469,360
469,361
469,362
469,363
468,364
468,364
467,365
467,366
467,367
467,368
466,369
466,371
465,372
465,372
464,373
464,375
463,376
463,376
461,380
461,380
458,383
458,383
455,385
453,385
450,386
452,386
451,388
450,389
450,391
451,392
451,393
451,394
451,395
451,396
451,397
451,398
451,399
451,400
451,401
451,402
451,403
449,385
449,385
448,384
448,383
448,382
448,381
448,380
448,379
448,378
448,377
448,376
447,375
447,373
446,372
446,371
446,370
446,369
446,368
446,367
446,366
445,365
445,364
445,363
445,362
444,361
444,360
444,359
444,358
444,357
443,356
443,354
442,353
442,351
441,350
441,348
440,347
440,345
439,343
439,343
438,342
438,340
437,339
437,339
436,338
436,336
435,334
435,334
434,332
434,332
433,330
433,330
432,329
432,329
431,327
431,327
430,326
430,326
429,325
429,325
428,323
428,323
427,322
427,322
426,320
426,320
425,319
425,319
422,317
420,317
417,315
415,314
415,313
414,312
414,311
414,310
414,309
414,308
414,307
414,306
414,305
414,304
413,303
413,302
413,301
413,300
413,299
413,298
413,297
413,296
413,295
413,294
413,293
413,292
413,291
413,290
413,289
413,288
413,287
413,286
413,285
414,284
414,284
415,282
417,282
418,283
418,283
419,284
419,284
420,285
420,285
421,286
423,286
424,287
425,287
426,287
427,287
428,287
429,287
430,287
431,287
432,287
433,288
434,288
436,287
436,289
437,290
437,291
437,292
437,293
438,294
440,294
441,295
443,295
444,296
444,296
445,297
445,297
447,298
447,298
450,300
450,300
452,301
452,301
455,303
455,303
457,304
457,304
460,306
460,306
463,308
463,308
465,309
465,309
468,311
468,311
469,313
470,313
471,313
472,313
473,314
473,314
474,316
474,316
475,318
475,318
476,319
476,320
476,321
475,323
475,323
474,324
474,325
474,326
474,327
474,328
474,329
474,330
474,331
474,332
474,333
474,334
474,335
474,336
474,337
475,338
475,338
476,340
476,340
482,323
484,323
485,324
487,324
488,325
488,325
491,327
492,327
494,327
497,329
498,329
500,329
500,330
500,331
500,332
500,333
501,334
501,334
502,336
502,336
503,337
503,337
504,338
504,338
507,340
507,340
508,341
508,341
509,342
509,342
510,343
510,343
511,344
511,344
514,346
514,346
515,348
515,348
517,349
517,349
520,351
522,351
523,352
523,352
524,353
524,355
525,356
525,358
526,359
526,359
527,361
527,362
527,363
527,364
528,365
528,367
527,368
527,368
526,369
526,371
525,372
525,373
525,375
523,378
523,380
522,381
522,381
521,382
521,384
520,385
520,385
518,388
518,388
515,390
513,390
512,409
512,409
515,411
515,411
516,412
516,412
517,414
517,414
518,416
518,416
519,418
519,418
520,420
520,422
521,423
521,423
522,425
522,426
522,427
522,428
523,429
523,430
526,432
526,432
527,433
527,433
529,434
529,435
529,436
529,437
529,438
528,440
528,440
527,441
527,441
526,442
526,442
524,445
524,445
522,448
522,448
521,449
521,449
520,450
520,450
519,451
519,451
517,454
517,454
516,455
516,456
516,457
516,458
516,459
515,460
515,460
514,461
514,461
533,443
533,443
534,444
534,444
535,445
535,445
536,446
536,446
537,448
537,448
538,450
538,450
539,451
539,451
540,452
540,452
541,454
541,455
544,457
544,459
545,460
545,460
546,462
546,462
547,464
547,464
548,465
548,465
549,466
549,466
550,467
550,467
551,469
551,469
552,470
552,470
553,471
553,471
554,472
554,472
555,473
555,473
556,475
556,475
557,476
557,476
558,477
558,477
559,478
559,478
560,479
560,479
561,480
561,480
562,481
562,481
563,482
563,482
564,483
564,483
565,484
565,484
566,485
566,485
567,486
567,486
568,487
568,487
569,488
569,488
570,489
570,489
572,491
572,491
575,493
575,493
576,494
576,494
577,495
577,495
578,496
578,496
579,497
579,497
582,499
582,499
583,500
583,500
584,501
584,501
586,502
586,502
589,504
589,504
590,505
590,505
593,507
593,507
594,508
594,508
596,509
596,509
599,511
599,511
600,512
602,512
603,513
603,513
604,514
604,514
606,515
606,515
610,517
610,517
613,519
615,519
616,520
618,520
619,521
619,521
622,523
624,523
627,525
628,525
629,525
630,525
631,526
631,526
632,527
634,527
635,528
637,528
638,529
639,529
640,529
641,529
642,530
643,530
645,530
648,532
649,532
650,532
651,532
653,533
653,533
689,574
689,574
691,573
691,573
694,571
694,571
696,570
696,570
699,568
699,568
702,566
702,566
705,564
705,564
709,562
709,562
711,558
711,558
712,557
712,557
713,556
713,556
714,555
714,555
716,552
716,552
718,549
718,549
719,548
719,546
720,545
720,543
722,540
722,540
723,538
723,536
724,535
724,534
724,533
724,532
726,529
726,527
726,526
726,525
726,524
726,523
726,522
726,521
726,520
726,519
726,518
726,517
726,516
726,515
726,514
726,513
726,512
726,511
726,510
726,509
726,508
725,507
725,506
725,505
725,504
725,503
725,502
724,501
724,500
724,499
724,498
724,497
723,495
723,495
722,494
722,493
722,492
722,491
721,490
721,488
720,486
720,486
719,485
719,483
718,482
718,482
717,481
717,479
716,478
716,476
715,475
715,475
714,474
714,474
713,473
713,473
712,472
712,470
711,469
711,469
710,468
710,468
709,467
709,467
708,466
708,464
705,462
705,461
704,460
704,460
703,459
703,459
702,458
702,458
701,456
701,456
700,455
700,455
697,453
695,453
694,451
694,450
693,449
693,449
692,448
692,448
691,447
691,447
690,446
690,446
689,445
689,445
688,444
688,444
687,443
687,443
686,442
686,442
683,440
683,440
682,439
682,439
681,438
681,438
680,437
680,437
677,435
677,435
674,433
674,433
672,432
672,432
671,431
669,431
668,429
668,429
667,428
665,428
662,426
662,426
661,425
661,425
660,424
658,424
657,423
657,423
656,422
656,422
655,421
655,421
654,419
654,419
653,417
653,417
652,416
652,416
651,415
651,413
649,414
648,414
647,413
645,413
644,412
643,412
642,412
641,412
640,412
639,412
638,412
637,412
634,410
634,410
633,409
632,409
631,409
630,409
629,409
628,408
628,408
627,407
627,407
625,406
625,406
652,412
652,412
653,411
653,411
654,410
655,410
656,410
657,410
658,409
659,409
660,409
661,409
662,409
663,409
664,409
665,409
666,408
668,408
669,407
671,407
672,406
674,406
677,404
677,404
681,402
681,402
685,400
685,400
689,398
689,398
691,397
691,397
692,396
692,396
693,395
693,395
696,393
696,393
697,392
697,392
698,391
698,391
699,390
699,390
700,389
700,389
701,388
701,388
702,387
702,387
703,386
703,386
704,385
704,385
705,384
705,384
706,383
706,383
707,382
707,382
708,381
708,381
710,378
710,378
712,375
712,373
714,370
714,370
715,369
715,367
717,364
717,364
718,362
718,360
719,359
719,357
720,356
720,354
721,353
721,352
721,351
721,350
721,349
722,348
722,347
722,346
722,345
722,344
722,343
722,342
722,341
722,340
722,339
722,338
722,337
722,336
722,335
722,334
722,333
722,332
722,331
722,330
722,329
722,328
722,327
722,326
722,325
722,324
722,323
722,322
721,321
721,320
721,319
721,318
720,317
720,316
720,315
720,314
719,312
719,312
718,311
718,310
718,309
718,308
717,306
717,306
716,304
716,304
715,303
715,301
714,300
714,300
713,299
713,297
712,295
712,295
711,294
711,294
710,293
710,291
709,290
709,290
708,289
708,289
707,287
707,287
706,286
706,286
705,285
705,285
704,283
704,283
703,282
703,282
700,280
700,279
699,278
699,278
698,277
698,277
697,276
697,276
696,275
696,275
693,273
693,272
692,271
692,271
691,270
691,270
688,268
688,268
686,267
686,267
685,266
685,266
682,264
682,264
678,262
678,262
675,260
673,260
670,258
670,258
668,257
666,257
665,256
665,256
664,255
664,255
661,253
659,253
658,253
657,253
656,252
655,252
654,252
652,252
651,254
652,255
652,255
652,252
650,252
648,252
647,252
646,252
645,251
644,251
643,251
642,251
641,251
640,251
639,251
638,251
637,251
636,251
635,251
634,251
633,251
632,251
631,251
630,251
629,251
628,251
627,252
626,252
625,252
624,252
623,252
622,252
621,252
620,252
619,252
618,252
617,253
616,253
615,253
614,253
613,253
612,254
610,254
607,256
607,256
606,257
605,257
604,257
603,257
602,257
601,257
600,258
599,258
598,258
597,258
596,259
596,259
595,260
593,260
592,261
592,261
591,262
591,262
588,264
586,264
585,265
585,265
584,266
582,266
581,267
581,267
578,269
578,269
576,270
576,270
573,272
571,272
570,273
570,273
569,274
569,274
568,275
568,275
565,277
565,277
562,279
562,279
559,281
559,281
558,282
558,282
555,284
555,284
552,286
552,286
549,288
549,288
548,289
548,289
545,291
545,291
544,292
544,292
543,293
543,293
540,295
540,295
539,296
539,296
537,297
537,297
534,299
534,299
533,300
533,300
532,301
532,301
531,302
531,302
530,303
530,303
529,304
529,304
528,305
528,305
525,307
525,307
524,308
524,308
523,309
523,309
520,311
520,311
519,312
519,312
518,313
518,313
515,315
515,315
514,316
514,316
512,317
512,317
509,319
507,319
505,322
505,322
504,323
504,323
503,324
503,324
502,325
502,325
481,322
480,322
479,322
478,322
524,351
524,351
525,350
525,350
527,347
527,347
528,346
528,346
529,345
529,345
532,343
532,343
534,342
534,342
535,341
535,341
536,340
536,340
537,339
537,339
540,337
540,337
543,335
543,335
546,333
546,333
548,332
548,332
549,331
549,331
552,329
552,329
556,327
556,327
558,326
558,326
559,325
561,325
564,323
564,323
565,322
567,322
568,321
568,321
569,320
569,320
570,319
572,319
573,318
575,318
576,317
576,317
579,315
579,315
581,314
582,314
583,314
584,314
585,314
586,313
586,313
589,311
591,311
592,311
593,311
596,309
598,309
599,309
600,309
601,309
602,308
602,308
605,306
605,306
607,305
608,305
609,305
610,305
611,304
612,304
613,304
614,304
615,304
616,303
617,303
618,303
619,303
620,303
621,302
623,302
624,303
625,303
626,303
627,303
637,343
638,343
639,343
640,343
641,343
642,343
643,343
644,342
646,342
647,341
648,341
649,341
650,341
651,341
652,340
653,340
654,340
655,340
656,339
657,339
658,339
659,339
660,338
661,338
662,338
663,338
664,338
665,337
667,337
668,336
669,336
670,336
671,336
672,336
673,336
635,344
635,344
632,346
631,346
630,346
629,346
628,347
627,347
626,347
625,347
624,348
623,348
622,348
621,348
620,349
619,349
618,349
617,349
616,350
614,350
611,352
610,352
609,352
608,352
606,352
603,354
601,354
600,355
598,355
597,356
595,356
591,358
591,358
588,360
587,360
586,360
585,360
584,361
584,361
583,362
581,362
578,364
576,364
572,366
572,366
569,368
569,368
568,369
568,369
567,370
565,370
563,371
563,371
560,373
560,373
559,374
559,374
555,376
555,376
552,378
552,378
551,379
549,379
545,381
545,381
546,383
546,385
547,386
547,387
547,388
547,389
548,390
548,391
548,392
548,393
549,394
549,395
549,396
549,397
550,398
550,399
550,400
550,401
550,402
550,403
549,404
549,406
548,407
548,408
548,409
548,410
548,411
547,412
547,413
547,414
546,416
548,417
548,417
549,418
551,418
554,420
554,420
555,421
555,421
556,422
556,422
557,423
557,423
558,424
560,424
561,425
561,425
562,427
562,427
563,428
563,428
564,429
564,429
567,431
567,431
568,432
568,432
569,433
569,433
572,435
572,435
573,436
573,436
575,437
575,437
578,439
578,439
579,440
579,440
580,441
580,441
582,442
582,442
585,444
585,444
586,445
586,445
590,447
590,447
593,449
593,449
595,450
595,450
599,452
599,452
602,454
602,454
605,456
605,456
609,458
609,458
612,460
614,460
615,461
616,461
617,461
618,461
619,462
619,462
620,463
622,463
626,465
626,465
629,467
631,467
634,469
635,469
636,469
637,469
638,470
640,470
643,472
644,472
645,472
646,472
647,472
648,473
650,473
652,474
652,474
689,458
689,458
691,457
691,457
692,455
692,455
693,454
693,454
677,385
677,385
675,384
675,384
541,379
541,379
540,378
540,378
539,377
539,377
538,376
538,376
537,375
537,373
536,371
536,371
535,370
535,370
532,368
530,368
543,418
543,418
542,419
542,419
541,420
541,422
538,424
538,426
537,427
537,427
536,428
536,428
535,429
535,429
534,430
534,430
533,431
533,431
532,432
532,432
531,433
531,433
530,440
530,440
531,441
531,441
532,442
532,442
482,451
482,452
482,453
482,454
482,455
482,456
483,457
483,457
484,459
484,460
484,461
484,462
485,463
485,464
485,465
485,466
485,467
486,468
486,469
486,470
486,471
487,472
487,473
487,474
487,475
487,476
488,477
488,477
481,450
481,449
481,448
481,447
481,446
481,445
481,444
414,465
414,465
413,464
413,462
412,460
412,460
411,458
411,458
410,456
410,456
409,454
409,454
408,452
408,452
407,450
407,450
406,448
406,448
405,447
405,447
404,446
404,446
403,444
403,444
402,442
402,442
401,441
401,441
400,439
400,439
399,438
399,438
398,436
398,436
397,435
397,435
396,434
396,434
393,432
393,432
391,431
392,429
393,428
393,427
393,426
393,425
393,424
393,423
393,422
394,421
394,420
394,419
394,418
395,417
395,415
396,414
396,413
396,412
396,411
396,410
397,409
397,407
398,406
398,405
398,404
398,403
398,402
398,401
398,400
398,399
398,398
398,397
398,396
398,395
398,394
398,393
399,392
399,390
398,389
398,388
398,387
398,386
398,385
398,384
398,383
398,382
398,381
397,380
397,379
397,378
397,377
397,376
397,375
397,374
396,373
396,372
396,371
396,370
396,369
396,368
396,367
396,366
396,363
396,361
396,360
398,360
401,358
401,358
402,357
402,357
404,354
404,354
405,352
405,350
407,347
407,347
408,345
408,344
408,343
408,342
408,341
410,338
410,336
411,335
411,334
411,333
411,332
412,331
412,330
412,329
412,328
412,327
413,326
413,325
413,324
413,323
413,322
413,321
413,320
413,319
413,318
413,317
414,316
414,316
414,281
414,281
413,280
413,280
410,278
408,278
407,278
406,278
403,276
403,276
401,275
400,275
399,275
398,275
397,274
397,274
396,273
394,273
391,271
391,271
389,270
389,270
388,269
388,269
387,268
387,268
386,267
385,267
384,267
383,267
382,267
381,267
380,267
379,266
378,266
377,266
376,266
375,266
374,266
373,266
372,265
371,265
370,265
369,265
368,264
366,264
365,263
364,263
363,263
362,263
361,263
360,262
359,262
358,262
357,262
356,262
355,262
354,261
352,261
351,260
350,260
349,260
348,260
347,260
346,260
345,260
344,260
343,260
342,260
341,259
341,259
340,258
340,258
337,257
337,258
337,259
337,260
337,261
337,262
337,263
337,264
338,265
338,266
338,267
338,268
338,269
339,270
339,270
340,272
340,274
341,275
341,277
342,278
342,278
343,280
343,281
343,282
343,283
344,284
344,285
344,286
344,287
344,288
345,289
345,290
345,291
345,292
345,293
346,294
346,295
346,296
346,297
346,298
346,299
347,300
347,301
347,302
347,303
348,304
348,306
350,306
351,306
352,307
354,307
355,308
357,308
360,310
360,310
361,311
361,311
362,312
362,312
363,313
363,313
364,314
364,314
365,315
365,315
366,316
366,316
367,317
367,317
368,318
368,318
369,319
369,319
370,320
370,320
371,321
371,321
372,322
372,322
373,324
373,324
374,325
374,325
375,326
375,326
376,328
376,328
377,330
377,330
378,331
378,331
379,332
379,332
380,334
380,334
381,335
381,335
382,337
382,337
383,339
383,339
384,340
384,340
385,342
385,344
386,345
386,345
387,346
387,346
388,348
388,350
389,351
389,351
390,353
390,355
391,356
391,356
392,357
392,358
343,334
343,333
343,332
343,331
343,330
343,329
344,328
344,327
344,326
344,325
345,324
345,323
345,322
345,321
345,320
346,319
346,318
346,317
346,316
346,315
346,314
346,313
346,312
346,311
346,310
346,309
342,335
342,335
341,336
341,338
340,339
340,341
338,344
338,346
337,347
337,347
336,348
336,350
335,351
335,351
334,352
334,353
334,354
334,355
332,356
332,356
388,433
388,433
387,434
387,434
386,435
386,435
385,436
385,436
384,437
384,437
382,440
382,440
381,441
381,441
379,444
379,444
377,447
377,447
376,448
376,448
375,449
375,449
374,450
374,450
371,452
371,452
370,453
370,453
369,454
369,454
367,455
367,455
365,458
365,458
364,459
364,459
360,461
360,461
357,463
356,463
355,463
354,463
353,463
418,281
418,281
419,280
419,280
421,277
421,277
422,275
422,275
423,274
425,274
428,272
430,272
431,272
432,272
433,272
434,271
436,271
439,273
439,273
438,275
438,277
437,278
437,279
437,280
437,281
437,282
437,283
437,284
437,285
443,271
445,271
448,269
450,269
451,269
452,268
453,268
454,268
455,268
456,268
457,267
457,267
458,266
458,266
459,265
459,263
460,262
460,260
462,261
464,260
464,260
459,259
459,259
458,257
458,257
457,256
457,256
456,255
455,255
454,255
453,255
452,255
451,254
451,254
450,253
450,253
449,252
447,252
444,250
444,250
442,249
440,249
439,248
438,248
437,248
436,248
435,248
434,248
433,247
432,247
431,247
430,247
429,247
428,247
427,246
426,246
425,246
424,246
423,246
422,246
421,246
420,245
420,245
419,243
419,243
418,242
418,242
417,241
417,241
416,240
414,240
413,239
411,239
410,238
409,238
408,238
407,238
406,238
405,238
404,237
403,237
402,237
401,237
400,236
399,236
398,236
397,236
396,236
395,236
394,236
393,236
392,236
391,236
390,236
389,236
388,236
387,236
386,236
385,236
384,236
383,236
382,236
381,236
380,236
379,236
378,236
377,236
376,236
375,236
374,237
373,237
372,237
371,237
370,237
369,238
368,238
367,238
366,238
365,239
364,239
363,239
362,239
361,240
359,240
356,242
354,242
351,244
350,244
349,244
348,244
347,245
347,245
346,246
344,246
343,247
343,247
341,250
341,252
339,255
337,257
334,257
333,257
332,257
331,257
330,257
329,257
328,257
327,257
326,257
325,257
324,257
323,257
322,257
321,257
320,257
319,257
318,257
317,257
316,257
315,257
314,257
313,257
312,257
311,257
310,257
309,257
308,257
307,257
306,257
305,257
304,257
303,257
302,257
301,257
300,257
299,258
298,258
297,258
296,258
295,258
294,258
293,258
292,258
291,258
290,259
289,259
288,259
287,259
286,259
285,259
284,259
283,259
282,260
281,260
280,260
279,260
278,260
277,260
276,261
275,261
274,261
273,261
272,261
271,261
270,261
269,262
268,262
267,262
266,262
265,262
264,263
263,263
262,263
261,263
260,263
259,264
259,264
387,263
387,265
389,260
389,260
392,258
394,258
395,257
397,257
398,256
398,256
399,255
400,255
401,255
402,255
403,255
404,255
405,254
405,254
406,253
408,253
409,252
410,252
411,252
412,252
413,252
414,252
415,252
416,252
417,251
417,251
418,250
418,250
419,249
419,249
420,248
420,248
