991, 1097
1027, 963
955, 1117
1067, 957
913, 1111
1109, 974
875, 1083
1141, 1012
850, 1037
1157, 1064
844, 980
1151, 1123
863, 921
1121, 1180
904, 870
1069, 1224
965, 835
1001, 1248
1038, 824
925, 1245
1114, 840
851, 1215
1183, 884
791, 1158
1233, 952
752, 1081
1258, 1037
743, 992
1251, 1128
766, 902
1212, 1213
821, 823
1143, 1282
902, 766
1052, 1324
1001, 741
949, 1332
1105, 751
847, 1304
1201, 798
759, 1240
1277, 877
697, 1147
1323, 980
670, 1037
1330, 1095
683, 921
1296, 1207
737, 815
1225, 1303
825, 732
1122, 1370
938, 684
1001, 1399
1064, 677
875, 1383
1186, 715
760, 1324
1290, 794
671, 1227
1362, 905
619, 1104
1391, 1037
613, 969
1373, 1172
655, 837
1309, 1295
740, 726
1205, 1390
860, 650
1073, 1445
1001, 620
928, 1451
1145, 639
788, 1406
1276, 708
670, 1314
1377, 820
590, 1186
1434, 960
558, 1037
1439, 1114
580, 884
1391, 1262
654, 746
1294, 1386
771, 640
1158, 1470
920, 580
1001, 1503
1082, 575
840, 1480
1238, 626
695, 1402
1367, 729
584, 1278
1455, 871
522, 1121
1489, 1037
517, 952
1465, 1206
571, 789
1383, 1357
679, 653
1252, 1473
828, 562
1089, 1537
1001, 526
912, 1542
1177, 553
742, 1485
1335, 639
601, 1372
1455, 775
506, 1217
1522, 945
470, 1037
1526, 1129
497, 854
1467, 1306
587, 690
1349, 1452
728, 565
1188, 1551
905, 496
1001, 1588
1097, 492
811, 1559
1279, 554
641, 1466
1431, 676
512, 1319
1533, 843
441, 1136
1571, 1037
437, 937
1541, 1233
501, 749
1444, 1409
627, 592
1292, 1542
801, 487
1103, 1615
1001, 448
898, 1619
1203, 479
703, 1552
1384, 579
542, 1422
1521, 736
434, 1243
1597, 932
394, 1037
1601, 1142
427, 828
1532, 1343
530, 642
1397, 1509
691, 501
1213, 1620
893, 424
1001, 1661
1109, 420
786, 1627
1316, 491
594, 1521
1486, 629
450, 1355
1600, 819
371, 1148
1642, 1037
367, 925
1607, 1257
440, 713
1498, 1454
582, 538
1327, 1602
777, 422
1115, 1683
1001, 378
886, 1687
1227, 415
669, 1612
1428, 527
490, 1466
1580, 702
370, 1266
1663, 920
326, 1037
1667, 1154
364, 805
1590, 1377
479, 599
1440, 1560
658, 443
1236, 1682
881, 359
1001, 1727
1121, 355
