1029, 1014
1038, 1059
1001, 1102
935, 1098
895, 1037
920, 961
1002, 933
1079, 985
1086, 1083
1008, 1151
901, 1130
851, 1028
903, 922
1024, 898
1119, 982
1110, 1112
998, 1187
867, 1143
821, 1008
902, 886
1052, 876
1153, 992
1122, 1145
979, 1216
832, 1144
799, 980
911, 852
1084, 864
1182, 1010
1124, 1180
952, 1239
798, 1136
786, 948
929, 822
1119, 860
1206, 1036
1118, 1215
920, 1254
766, 1119
780, 913
954, 796
1155, 865
1224, 1068
1103, 1248
884, 1263
738, 1096
782, 876
985, 775
1190, 877
1236, 1104
1082, 1280
846, 1264
714, 1066
791, 838
1021, 760
1224, 896
1241, 1143
1053, 1307
807, 1258
694, 1031
808, 802
1060, 751
1256, 923
1239, 1184
1019, 1330
767, 1245
681, 991
831, 767
1102, 749
1283, 955
1229, 1225
980, 1348
729, 1225
674, 948
861, 735
1146, 754
1306, 993
1213, 1266
937, 1360
694, 1197
674, 903
897, 708
1190, 766
1322, 1035
1189, 1306
891, 1365
662, 1164
682, 857
939, 686
1233, 786
1333, 1081
1159, 1342
844, 1363
634, 1124
697, 812
984, 670
1273, 812
1337, 1130
1122, 1375
795, 1353
612, 1080
719, 767
1033, 660
1311, 846
1333, 1180
1079, 1402
747, 1336
597, 1031
748, 725
1085, 658
1344, 885
1321, 1231
1032, 1424
701, 1312
588, 980
784, 686
1137, 663
1372, 931
1302, 1281
981, 1439
658, 1280
587, 926
827, 653
1190, 676
1393, 981
1275, 1329
926, 1447
618, 1241
594, 871
875, 624
1242, 698
1408, 1035
1241, 1373
870, 1447
584, 1197
609, 816
927, 603
1291, 726
1415, 1092
1200, 1414
812, 1439
555, 1146
632, 762
984, 588
1337, 763
1414, 1151
1153, 1449
756, 1423
534, 1091
662, 711
1043, 582
1379, 806
1405, 1210
1100, 1478
700, 1398
519, 1032
701, 664
1104, 584
1415, 856
1388, 1269
1042, 1500
648, 1366
513, 970
746, 621
1166, 594
1444, 911
1361, 1326
981, 1513
599, 1325
516, 907
798, 585
1227, 613
1466, 971
1327, 1380
917, 1519
556, 1278
527, 843
856, 555
1285, 641
1479, 1035
1285, 1429
852, 1516
519, 1224
548, 781
918, 533
1341, 677
1484, 1101
1235, 1474
786, 1503
489, 1164
577, 720
984, 520
1391, 721
1480, 1168
1179, 1512
722, 1482
467, 1100
615, 664
1052, 515
